3.543967870000000175e+02  9.987767584097859697e-01
7.055662780000000112e+02  9.988867884898130489e-01
1.168876719999999978e+03  9.986932849364790199e-01
1.740308739000000060e+03  9.988308255388369528e-01
2.415064112999999907e+03  9.989027620128640983e-01
3.187693230999999741e+03  9.989283891818337979e-01
4.052228606000000127e+03  9.987740805604201633e-01
4.162050411000000167e+03  9.998359118612283325e-01
4.274625086000000010e+03  9.998342018000948572e-01
4.274625086000000010e+03  9.998600419874037470e-01
4.498723336999999447e+03  9.996437054631827079e-01
4.498723336999999447e+03  9.998349290194783467e-01
4.498723336999999447e+03  9.987796123474516063e-01
4.498723336999999447e+03  1.000069084628669946e+00
4.832276831000000129e+03  9.998561668464581720e-01
4.832276831000000129e+03  9.998559077809796580e-01
4.832276831000000129e+03  9.996253602305473773e-01
4.832276831000000129e+03  9.985545919501891410e-01
5.002317732999999862e+03  9.990504747626185456e-01
5.272265124000000469e+03  9.997735849056603730e-01
5.272265124000000469e+03  9.986111111111113381e-01
5.272265124000000469e+03  9.996734488821903408e-01
5.272265124000000469e+03  1.000267201068804290e+00
5.814807177000000593e+03  9.986753528773071320e-01
5.814807177000000593e+03  9.997860199714692087e-01
5.814807177000000593e+03  9.996463654223968209e-01
5.814807177000000593e+03  1.000188501413760589e+00
6.031349670000000515e+03  9.987639060568602734e-01
6.455272742999999537e+03  9.998362668849775092e-01
6.455272742999999537e+03  9.997612225405920761e-01
6.455272742999999537e+03  9.988211382113822978e-01
6.455272742999999537e+03  1.000000000000000000e+00
7.132571098999999776e+03  9.988775510204083163e-01
7.188406351000000541e+03  9.999798671230120117e-01
7.188406351000000541e+03  9.986203090507725921e-01
7.188406351000000541e+03  9.995297135528004029e-01
7.188406351000000541e+03  9.997470915528577917e-01
8.008456590000000688e+03  9.998771498771497068e-01
8.008456590000000688e+03  9.997738196211477524e-01
8.008456590000000688e+03  9.982824427480915253e-01
8.008456590000000688e+03  9.998653500897664026e-01
8.088227815999999621e+03  9.997691863819967439e-01
8.088227815999999621e+03  9.990654205607475413e-01
8.195009706000000733e+03  9.994028912633563522e-01
8.195009706000000733e+03  9.996389891696749741e-01
8.195009706000000733e+03  9.993739239317576128e-01
8.195009706000000733e+03  9.996884735202491434e-01
8.299188973999998780e+03  9.988903115663678722e-01
8.407556623999998919e+03  9.984003121342179821e-01
8.407556623999998919e+03  9.994997726239199798e-01
8.407556623999998919e+03  9.993986636971047277e-01
8.407556623999998919e+03  9.993725490196079253e-01
8.407556623999998919e+03  1.000000000000000000e+00
8.407556623999998919e+03  9.996124031007751487e-01
8.407556623999998919e+03  9.993751697908175302e-01
8.723867938999999751e+03  9.984003877847793529e-01
8.723867938999999751e+03  9.996840442338074118e-01
8.723867938999999751e+03  1.000043091065785594e+00
8.723867938999999751e+03  9.995265151515151381e-01
8.723867938999999751e+03  9.993193971803596698e-01
8.723867938999999751e+03  9.993165829145729262e-01
8.723867938999999751e+03  9.993783993783994513e-01
8.909304140000000189e+03  9.997632575757574580e-01
8.909304140000000189e+03  9.995975855130785348e-01
8.909304140000000189e+03  9.985172981878089882e-01
8.909304140000000189e+03  9.997578692493945818e-01
9.141022933000000194e+03  9.998397435897435903e-01
9.141022933000000194e+03  9.982278481012659688e-01
9.141022933000000194e+03  1.000191326530612379e+00
9.141022933000000194e+03  9.996637242538881640e-01
9.141022933000000194e+03  9.994734532689777406e-01
9.141022933000000194e+03  9.992581222819133524e-01
9.141022933000000194e+03  9.992493297587132783e-01
9.524458205999999336e+03  9.988684729575417753e-01
9.655270254000000932e+03  1.000163265306122540e+00
9.655270254000000932e+03  1.000127673156718799e+00
9.655270254000000932e+03  9.995037220843673298e-01
9.655270254000000932e+03  9.992371705963939421e-01
9.655270254000000932e+03  9.983532219570405708e-01
9.655270254000000932e+03  9.992780748663103729e-01
9.655270254000000932e+03  9.998193641618496885e-01
9.884583112999998775e+03  9.985601645526225312e-01
9.884583112999998775e+03  9.994475138121546864e-01
9.884583112999998775e+03  9.996830427892234860e-01
9.884583112999998775e+03  9.999145664246048559e-01
1.026213653599999998e+04  9.981132075471699228e-01
1.026213653599999998e+04  9.990492170022372553e-01
1.026213653599999998e+04  9.998344370860927643e-01
1.026213653599999998e+04  9.992101956560761611e-01
1.026213653599999998e+04  9.989228007181327751e-01
1.026213653599999998e+04  1.000539215686274463e+00
1.026213653599999998e+04  9.997719869706841456e-01
1.080175389999999970e+04  9.992119779353820785e-01
1.092779161800000111e+04  9.995132504056246647e-01
1.092779161800000111e+04  9.993565683646112863e-01
1.092779161800000111e+04  9.986282578875170790e-01
1.092779161800000111e+04  9.995828367103695156e-01
1.095654675300000054e+04  9.991702884235481585e-01
1.095654675300000054e+04  9.999161073825504342e-01
1.095654675300000054e+04  9.983616629121442321e-01
1.095654675300000054e+04  1.000154559505409546e+00
1.095654675300000054e+04  9.990308370044053143e-01
1.095654675300000054e+04  9.995118974984747995e-01
1.095654675300000054e+04  9.991709013105107839e-01
1.173294907000000057e+04  9.990077519379846338e-01
1.173294907000000057e+04  9.989928057553956187e-01
1.173294907000000057e+04  9.996748448122968478e-01
1.173294907000000057e+04  9.997448979591837537e-01
1.173294907000000057e+04  9.989329621897470313e-01
1.173294907000000057e+04  9.983294067252088677e-01
1.173294907000000057e+04  1.000628851716765189e+00
1.178332226900000023e+04  9.988620199146515111e-01
1.178332226900000023e+04  9.995965543561224909e-01
1.178332226900000023e+04  1.001428571428571557e+00
1.188439706200000001e+04  1.001739130434782687e+00
1.188439706200000001e+04  9.996771962185844185e-01
1.188439706200000001e+04  9.995585874799357562e-01
1.188439706200000001e+04  9.986890021849964549e-01
1.188439706200000001e+04  1.000768049155146056e+00
1.188439706200000001e+04  9.987224982256920347e-01
1.203238888500000030e+04  9.985990338164253410e-01
1.203238888500000030e+04  9.990783410138250886e-01
1.203238888500000030e+04  9.998102466793170606e-01
1.203238888500000030e+04  9.993460886413174649e-01
1.208556212600000072e+04  1.000556070435588474e+00
1.208556212600000072e+04  9.994674185463660043e-01
1.208556212600000072e+04  9.994367783722896137e-01
1.208556212600000072e+04  9.985834530897148564e-01
1.208556212600000072e+04  9.997548161120841659e-01
1.208556212600000072e+04  1.002921674264401375e+00
1.208556212600000072e+04  1.000856531049250542e+00
1.208556212600000072e+04  9.981635330126804595e-01
1.208556212600000072e+04  9.986763185108583629e-01
1.208556212600000072e+04  9.987133299022132871e-01
1.212462854100000004e+04  9.988868274582560769e-01
1.238488029500000084e+04  1.001083238312428625e+00
1.238488029500000084e+04  9.994011976047904033e-01
1.238488029500000084e+04  9.996363636363635452e-01
1.238488029500000084e+04  9.994949494949494362e-01
1.238488029500000084e+04  9.986645540968764889e-01
1.238488029500000084e+04  9.986913229018492544e-01
1.238488029500000084e+04  9.979308467193030996e-01
1.238488029500000084e+04  1.004790419161676551e+00
1.238488029500000084e+04  9.986213592233007530e-01
1.238488029500000084e+04  1.000686436024162518e+00
1.258543787499999962e+04  1.000656779661017293e+00
1.258543787499999962e+04  9.989130434782608203e-01
1.258543787499999962e+04  9.987888707037642089e-01
1.258543787499999962e+04  9.992234685073337896e-01
1.258543787499999962e+04  9.994387001477103016e-01
1.258543787499999962e+04  9.989708909144370264e-01
1.258543787499999962e+04  9.981976382846489138e-01
1.277952360000000044e+04  9.993402777777777857e-01
1.277952360000000044e+04  9.985417164714319727e-01
1.277952360000000044e+04  1.001045296167247134e+00
1.277952360000000044e+04  9.981437410756780482e-01
1.277952360000000044e+04  1.000373721479150380e+00
1.277952360000000044e+04  9.985759493670887110e-01
1.277952360000000044e+04  1.000000000000000000e+00
1.277952360000000044e+04  1.011275964391691318e+00
1.277952360000000044e+04  9.985312334100158171e-01
1.277952360000000044e+04  9.993118548639350340e-01
1.319187754200000018e+04  9.988056959118052358e-01
1.319187754200000018e+04  9.996240601503758594e-01
1.319187754200000018e+04  9.986101211689235591e-01
1.319187754200000018e+04  9.993142144638405000e-01
1.326586070900000050e+04  9.998008803185914894e-01
1.326586070900000050e+04  1.001224489795918382e+00
1.326586070900000050e+04  9.994572158365260250e-01
1.326586070900000050e+04  9.978498985801217414e-01
1.326586070900000050e+04  9.985943775100399877e-01
1.326586070900000050e+04  9.984304932735426075e-01
1.326586070900000050e+04  9.983359886705611697e-01
1.326586070900000050e+04  1.000368663594470187e+00
1.326586070900000050e+04  9.071379547014410960e-01
1.326586070900000050e+04  9.992412746585733752e-01
1.348685507299999881e+04  9.989494747373685035e-01
1.350786983799999871e+04  9.997366110623353563e-01
1.350786983799999871e+04  9.985614467735309807e-01
1.350786983799999871e+04  9.987671715392745231e-01
1.350786983799999871e+04  1.001263001485884097e+00
1.350786983799999871e+04  9.983157070113591880e-01
1.350786983799999871e+04  9.983731019522775751e-01
1.350786983799999871e+04  9.994520547945205946e-01
1.383956309900000088e+04  1.000813953488372210e+00
1.383956309900000088e+04  9.979625101874488591e-01
1.383956309900000088e+04  9.994480519480519742e-01
1.383956309900000088e+04  9.983896515311510012e-01
1.383956309900000088e+04  1.000015382248884865e+00
1.383956309900000088e+04  9.977971311475409832e-01
1.383956309900000088e+04  9.991924255082150763e-01
1.383956309900000088e+04  9.982078169685414393e-01
1.383956309900000088e+04  9.897497738920710830e-01
1.383956309900000088e+04  1.000355600711201554e+00
1.439987071699999797e+04  9.983591613491338279e-01
1.439987071699999797e+04  9.983177570093456632e-01
1.439987071699999797e+04  9.992206235011990012e-01
1.439987071699999797e+04  9.991168478260870067e-01
1.449396906399999898e+04  9.985888993414864245e-01
1.449396906399999898e+04  9.991949910554561720e-01
1.449396906399999898e+04  9.981456953642385832e-01
1.449396906399999898e+04  1.001839237057220666e+00
1.449396906399999898e+04  9.982058047493403974e-01
1.449396906399999898e+04  9.994180407371484609e-01
1.449396906399999898e+04  9.984825493171473054e-01
1.449572178899999926e+04  1.001156737998843305e+00
1.449572178899999926e+04  9.992741669416035366e-01
1.449572178899999926e+04  1.000285400658617041e+00
1.449572178899999926e+04  9.978127939793038914e-01
1.449572178899999926e+04  9.981784841075796999e-01
1.449572178899999926e+04  1.000068854716548161e+00
1.449572178899999926e+04  9.981584821428570731e-01
1.449572178899999926e+04  9.981219619973485946e-01
1.449572178899999926e+04  9.990038517731438805e-01
1.449572178899999926e+04  9.936018716305562437e-01
1.488245723700000053e+04  9.990029081844621350e-01
1.522896718799999871e+04  9.953687821612351438e-01
1.522896718799999871e+04  9.989766465494620551e-01
1.522896718799999871e+04  1.001321079839172956e+00
1.522896718799999871e+04  9.999651689306859881e-01
1.522896718799999871e+04  9.978755690440058723e-01
1.522896718799999871e+04  9.977309361438312374e-01
1.522896718799999871e+04  9.977184195882026208e-01
1.522896718799999871e+04  1.000295566502462874e+00
1.522896718799999871e+04  9.979815969130306774e-01
1.522896718799999871e+04  9.991610738255033430e-01
1.525029749300000003e+04  1.002881108679795963e+00
1.525029749300000003e+04  9.977255496588324224e-01
1.525029749300000003e+04  1.001240310077519124e+00
1.525029749300000003e+04  9.994346733668342253e-01
1.534570543799999905e+04  9.977624267908093980e-01
1.534570543799999905e+04  9.990374331550802012e-01
1.534570543799999905e+04  9.992060393075620217e-01
1.534570543799999905e+04  1.001173834169245547e+00
1.534570543799999905e+04  1.005145797598627766e+00
1.534570543799999905e+04  9.977535200126561588e-01
1.534570543799999905e+04  1.002017413463580420e+00
1.534570543799999905e+04  1.001721170395869054e+00
1.553556759799999963e+04  1.001866560762509906e+00
1.553556759799999963e+04  9.975043029259899052e-01
1.553556759799999963e+04  9.989480714643512727e-01
1.553556759799999963e+04  1.001326611833377456e+00
1.553556759799999963e+04  9.976190476190475165e-01
1.553556759799999963e+04  1.000997172198243801e+00
1.553556759799999963e+04  9.989904761904762065e-01
1.553556759799999963e+04  9.976812246735704548e-01
1.553556759799999963e+04  1.003196347031963365e+00
1.553556759799999963e+04  9.991874637260592662e-01
1.553556759799999963e+04  9.978162162162160786e-01
1.553556759799999963e+04  1.000699488835081974e+00
1.553556759799999963e+04  1.021898597626752947e+00
1.553741871100000208e+04  9.978254960587115141e-01
1.553741871100000208e+04  9.994332270634078697e-01
1.553741871100000208e+04  9.985172981878087661e-01
1.553741871100000208e+04  9.982149567831642978e-01
1.553741871100000208e+04  1.002617732175743459e+00
1.553741871100000208e+04  9.976460481099657107e-01
1.553741871100000208e+04  1.000000000000000000e+00
1.565014444000000003e+04  9.956282998944032681e-01
1.565014444000000003e+04  9.969910769869266831e-01
1.565014444000000003e+04  9.981897175959449919e-01
1.565014444000000003e+04  9.985831469052944831e-01
1.581800579499999913e+04  9.989564591579705999e-01
1.581800579499999913e+04  9.976083707025409364e-01
1.581800579499999913e+04  9.909180166912123777e-01
1.581800579499999913e+04  9.973434535104365173e-01
1.581800579499999913e+04  9.975149767029065639e-01
1.581800579499999913e+04  9.992372650503948961e-01
1.581800579499999913e+04  9.988092087853929213e-01
1.581800579499999913e+04  1.005217958473747064e+00
1.581800579499999913e+04  9.976761433868973628e-01
1.581800579499999913e+04  1.000935913705583991e+00
1.581800579499999913e+04  1.001799916282963610e+00
1.581800579499999913e+04  1.000326264274062238e+00
1.581800579499999913e+04  1.001236282817058010e+00
1.603358642400000099e+04  1.000376344086021385e+00
1.603358642400000099e+04  9.992476060191518572e-01
1.603358642400000099e+04  9.975308641975307866e-01
1.603358642400000099e+04  9.976452599388379028e-01
1.603358642400000099e+04  9.976599063962559022e-01
1.603358642400000099e+04  1.001425313568985009e+00
1.603358642400000099e+04  9.979955456570155370e-01
1.603358642400000099e+04  9.987546866630958586e-01
1.603358642400000099e+04  1.000091407678244781e+00
1.603358642400000099e+04  9.958299919807537259e-01
1.619027620699999898e+04  9.993536121673004535e-01
1.619027620699999898e+04  9.988644825018615503e-01
1.619027620699999898e+04  1.009560906515580836e+00
1.619027620699999898e+04  9.973080133555928262e-01
1.619027620699999898e+04  1.002021052631579145e+00
1.619027620699999898e+04  9.964696853415195843e-01
1.619027620699999898e+04  9.971698113207547731e-01
1.619027620699999898e+04  1.001262544512787400e+00
1.619027620699999898e+04  9.976128016789087560e-01
1.619027620699999898e+04  1.000238663484486645e+00
1.619027620699999898e+04  9.987426197244698711e-01
1.619027620699999898e+04  1.001534296028880888e+00
1.619027620699999898e+04  9.975457570715472455e-01
1.630572865699999966e+04  9.988343341575413037e-01
1.663193777599999885e+04  9.957322987390881952e-01
1.663193777599999885e+04  9.994376757263357947e-01
1.663193777599999885e+04  9.982424515547543287e-01
1.663193777599999885e+04  9.989975942261426489e-01
1.663193777599999885e+04  9.980089736399327949e-01
1.663193777599999885e+04  1.004152062550552893e+00
1.663193777599999885e+04  9.968572383818120608e-01
1.664885526300000129e+04  9.996266666666665524e-01
1.664885526300000129e+04  1.001915070774354710e+00
1.664885526300000129e+04  1.001253255208333304e+00
1.664885526300000129e+04  9.972724389470345452e-01
1.664885526300000129e+04  1.001234567901234440e+00
1.664885526300000129e+04  1.030260984473075681e+00
1.664885526300000129e+04  9.973979893554110188e-01
1.664885526300000129e+04  9.972373286926257130e-01
1.664885526300000129e+04  9.974792243767311994e-01
1.664885526300000129e+04  1.000284900284900136e+00
1.664885526300000129e+04  9.989289191820837077e-01
1.664885526300000129e+04  9.978322804409760494e-01
1.664885526300000129e+04  9.988190476190477174e-01
1.690363392599999861e+04  9.961403508771929927e-01
1.690363392599999861e+04  9.987291725501271644e-01
1.690363392599999861e+04  9.971693257848688319e-01
1.690363392599999861e+04  1.001528013582343002e+00
1.690363392599999861e+04  1.000612423447069244e+00
1.690363392599999861e+04  9.990918616835485766e-01
1.690363392599999861e+04  9.967453733248247127e-01
1.690363392599999861e+04  9.975034674063799622e-01
1.690363392599999861e+04  9.979030594706084223e-01
1.690363392599999861e+04  1.000252525252525171e+00
1.693667631299999994e+04  9.986787778695295215e-01
1.693667631299999994e+04  9.983985765124555600e-01
1.693667631299999994e+04  9.957061562338335170e-01
1.693667631299999994e+04  1.001038704092988674e+00
1.718954509300000063e+04  9.988729109988340182e-01
1.718954509300000063e+04  1.000319616460247696e+00
1.718954509300000063e+04  9.988160291438981098e-01
1.718954509300000063e+04  9.970588235294117752e-01
1.718954509300000063e+04  1.001878317680685804e+00
1.718954509300000063e+04  9.975196612220205150e-01
1.718954509300000063e+04  9.993207547169811189e-01
1.718954509300000063e+04  9.970806531420088881e-01
1.718954509300000063e+04  9.571710526315790890e-01
1.718954509300000063e+04  1.001052631578947416e+00
1.718954509300000063e+04  1.001268705270006665e+00
1.718954509300000063e+04  9.989524576954070811e-01
1.718954509300000063e+04  9.972711267605632868e-01
1.775124222500000178e+04  9.988033138999694582e-01
1.777134290200000032e+04  9.990583804143124969e-01
1.777134290200000032e+04  9.318887015177067523e-01
1.777134290200000032e+04  9.991329479768783495e-01
1.777134290200000032e+04  1.005548996458087263e+00
1.777134290200000032e+04  9.979407278274133875e-01
1.777134290200000032e+04  9.954321855235417349e-01
1.777134290200000032e+04  9.981094527363183477e-01
1.780758751100000154e+04  9.853749072011879218e-01
1.780758751100000154e+04  9.996004319654427928e-01
1.780758751100000154e+04  1.001329011345218900e+00
1.780758751100000154e+04  9.969248887725725705e-01
1.780758751100000154e+04  9.970621152770006157e-01
1.780758751100000154e+04  1.000210674157303359e+00
1.780758751100000154e+04  1.000978792822186048e+00
1.780758751100000154e+04  9.969971848608071285e-01
1.780758751100000154e+04  9.987115956392467186e-01
1.780758751100000154e+04  9.965708989805375229e-01
1.780758751100000154e+04  1.002313522138013502e+00
1.780758751100000154e+04  9.982269503546098433e-01
1.780758751100000154e+04  9.989621489621490769e-01
1.783303141800000230e+04  9.963603275705187334e-01
1.783303141800000230e+04  9.964462809917354891e-01
1.783303141800000230e+04  1.000706949446445337e+00
1.783303141800000230e+04  1.000086058519793486e+00
1.783303141800000230e+04  9.985072329947675129e-01
1.783303141800000230e+04  9.991055456171736848e-01
1.783303141800000230e+04  9.974531835205990848e-01
1.783303141800000230e+04  1.001630129286115611e+00
1.783303141800000230e+04  9.956027397260275302e-01
1.783303141800000230e+04  9.974803149606300545e-01
1.825367176299999846e+04  1.000454763044518858e+00
1.825367176299999846e+04  9.983033932135727540e-01
1.825367176299999846e+04  9.931539972797338578e-01
1.825367176299999846e+04  9.979723502304146399e-01
1.849012676100000317e+04  9.984485815602837100e-01
1.849012676100000317e+04  9.965610859728507576e-01
1.849012676100000317e+04  1.006902761104442101e+00
1.849012676100000317e+04  1.002199312714776580e+00
1.849012676100000317e+04  1.001987618116650269e+00
1.849777739400000064e+04  1.000160153747597702e+00
1.849777739400000064e+04  9.968067226890755528e-01
1.849777739400000064e+04  1.001040221914008432e+00
1.849777739400000064e+04  1.002214452214452045e+00
1.849777739400000064e+04  9.977618621307072777e-01
1.849777739400000064e+04  9.900568181818180102e-01
1.849777739400000064e+04  1.001338493791323891e+00
1.849777739400000064e+04  9.964050944946589716e-01
1.849777739400000064e+04  9.970522554711923613e-01
1.849777739400000064e+04  9.986634264884566292e-01
1.849777739400000064e+04  9.992878942014241650e-01
1.849777739400000064e+04  9.958333333333334592e-01
1.849777739400000064e+04  9.995944470441427976e-01
1.857985706800000116e+04  9.965547860060380847e-01
1.857985706800000116e+04  1.003102988768322934e+00
1.857985706800000116e+04  1.001333333333333409e+00
1.857985706800000116e+04  8.651563497128270663e-01
1.857985706800000116e+04  9.964637681159420612e-01
1.857985706800000116e+04  1.002695871946082784e+00
1.857985706800000116e+04  1.002179327521793173e+00
1.857985706800000116e+04  9.987376014427411519e-01
1.857985706800000116e+04  1.002989821882951604e+00
1.857985706800000116e+04  9.979310344827588830e-01
1.875839454399999886e+04  1.001529255319148826e+00
1.875839454399999886e+04  9.965929316043731223e-01
1.875839454399999886e+04  1.002209873352287506e+00
1.875839454399999886e+04  9.981121362668557984e-01
1.875839454399999886e+04  9.956216931216930188e-01
1.875839454399999886e+04  9.982769081422155910e-01
1.875839454399999886e+04  1.000739371534195676e+00
1.875839454399999886e+04  1.003154327424400361e+00
1.875839454399999886e+04  1.001725625539258147e+00
1.875839454399999886e+04  9.963596249310535669e-01
1.875839454399999886e+04  9.968292682926829240e-01
1.875839454399999886e+04  1.003808415100615470e+00
1.875839454399999886e+04  9.963754983689744327e-01
1.875839454399999886e+04  1.000563909774436322e+00
1.875839454399999886e+04  9.984370895718412964e-01
1.875839454399999886e+04  1.014551010813352194e+00
1.881565412400000059e+04  9.957366984993176739e-01
1.881565412400000059e+04  9.913417431192661500e-01
1.881565412400000059e+04  9.981935035608824336e-01
1.881565412400000059e+04  9.963952609024450124e-01
1.881565412400000059e+04  1.000348128807658998e+00
1.881565412400000059e+04  1.001452513966480495e+00
1.881565412400000059e+04  9.990441176470586937e-01
1.881565412400000059e+04  1.001319429665886496e+00
1.881565412400000059e+04  9.974042027194067739e-01
1.881565412400000059e+04  9.974574347332577640e-01
1.894959573300000193e+04  9.979824561403507488e-01
1.894959573300000193e+04  9.978935698447892744e-01
1.894959573300000193e+04  9.941742819843343293e-01
1.894959573300000193e+04  9.987903225806452623e-01
1.894959573300000193e+04  9.992047713717692181e-01
1.894959573300000193e+04  1.003666666666666707e+00
1.894959573300000193e+04  1.008954602249062971e+00
1.902391572499999893e+04  9.982049036777583817e-01
1.902391572499999893e+04  1.001823154056517673e+00
1.902391572499999893e+04  9.980713209442491074e-01
1.902391572499999893e+04  9.982051617974583291e-01
1.902391572499999893e+04  9.961493920092645560e-01
1.902391572499999893e+04  9.963492546394889793e-01
1.902391572499999893e+04  1.001205673758865267e+00
1.902391572499999893e+04  9.969824293353705125e-01
1.902391572499999893e+04  1.001917315757939075e+00
1.902391572499999893e+04  9.461416610092778789e-01
1.902391572499999893e+04  1.000700661736084074e+00
1.902391572499999893e+04  1.005597527472527508e+00
1.902391572499999893e+04  9.988231033858409047e-01
1.902391572499999893e+04  1.003165584415584455e+00
1.902391572499999893e+04  9.963170817257102074e-01
1.902391572499999893e+04  1.001598934043970823e+00
1.921385123000000021e+04  9.985597826086957118e-01
1.925457172999999966e+04  9.968282901932191686e-01
1.925457172999999966e+04  1.000887664524028109e+00
1.925457172999999966e+04  9.993673746046091155e-01
1.925457172999999966e+04  1.001347233360064148e+00
1.925457172999999966e+04  9.917869683964105620e-01
1.925457172999999966e+04  9.979381443298968035e-01
1.925457172999999966e+04  9.997048138056313649e-01
1.925457172999999966e+04  9.952139231327049584e-01
1.925457172999999966e+04  9.969162995594713639e-01
1.925457172999999966e+04  9.985068436333471853e-01
1.925457172999999966e+04  9.999395952884325700e-01
1.925457172999999966e+04  9.960645812310796599e-01
1.925457172999999966e+04  1.002381852551984753e+00
1.937374897799999962e+04  9.981650129128722959e-01
1.937374897799999962e+04  9.960918417195896435e-01
1.937374897799999962e+04  9.886584182435711465e-01
1.937374897799999962e+04  1.000820217246730204e+00
1.937374897799999962e+04  9.993101749199309047e-01
1.937374897799999962e+04  9.977157360406091469e-01
1.937374897799999962e+04  1.002575896964121638e+00
1.937374897799999962e+04  9.958783399658895918e-01
1.937374897799999962e+04  1.001815592737629101e+00
1.937374897799999962e+04  9.962325430334524334e-01
1.937374897799999962e+04  1.001521739130434518e+00
1.937374897799999962e+04  9.969696969696968392e-01
1.937374897799999962e+04  1.000348938644955110e+00
1.937374897799999962e+04  1.008870292887029230e+00
1.937374897799999962e+04  1.003149186015479088e+00
1.937374897799999962e+04  9.986179664363276087e-01
1.959557929399999921e+04  9.888888888888888173e-01
1.959557929399999921e+04  9.981075268817203305e-01
1.959557929399999921e+04  1.000780487804878049e+00
1.959557929399999921e+04  9.981294814506911361e-01
1.980445995200000107e+04  9.931494252873561690e-01
1.980445995200000107e+04  9.957461645746166212e-01
1.980445995200000107e+04  9.987183811129848321e-01
1.980445995200000107e+04  1.017318602567930830e+00
1.980445995200000107e+04  1.001626016260162677e+00
1.980445995200000107e+04  1.000259556394525795e+00
1.980445995200000107e+04  9.998613277864449866e-01
1.980445995200000107e+04  1.000603096984515217e+00
1.980445995200000107e+04  9.966518289142632936e-01
1.980445995200000107e+04  1.001605839416058519e+00
1.980445995200000107e+04  9.955416012558870875e-01
1.980445995200000107e+04  9.981158408932310211e-01
1.980445995200000107e+04  1.003148387096774341e+00
1.980445995200000107e+04  9.975403535741738104e-01
1.980445995200000107e+04  9.961631524369168877e-01
1.980445995200000107e+04  1.003196347031963365e+00
1.984540166599999793e+04  9.962409638554217128e-01
1.984540166599999793e+04  1.063335955940204913e+00
1.984540166599999793e+04  9.973051836594577502e-01
1.984540166599999793e+04  9.988248673237302144e-01
1.984540166599999793e+04  1.001424211597151448e+00
1.984540166599999793e+04  9.969336384439360099e-01
1.984540166599999793e+04  9.979213368657020578e-01
1.984540166599999793e+04  1.000542005420054004e+00
1.984540166599999793e+04  9.944139821795749956e-01
1.984540166599999793e+04  1.002002224694104715e+00
2.007219368499999837e+04  9.977231144541574004e-01
2.007219368499999837e+04  9.953810623556582637e-01
2.007219368499999837e+04  9.998237885462557539e-01
2.007219368499999837e+04  9.928643797944709526e-01
2.007219368499999837e+04  9.995794785534061200e-01
2.007219368499999837e+04  1.002796173657100720e+00
2.007219368499999837e+04  1.001388002552648260e+00
2.007219368499999837e+04  9.984022155943759191e-01
2.007219368499999837e+04  9.964870259481035664e-01
2.007219368499999837e+04  1.001062045835662273e+00
2.007219368499999837e+04  9.928217002977174355e-01
2.007219368499999837e+04  9.998671537695116296e-01
2.007219368499999837e+04  9.966534316505955005e-01
2.016083675900000162e+04  9.985185185185185830e-01
2.016083675900000162e+04  9.977421704297159133e-01
2.016083675900000162e+04  1.001531784528976399e+00
2.016083675900000162e+04  9.917855598789451221e-01
2.016083675900000162e+04  1.013148788927335842e+00
2.016083675900000162e+04  9.976294447910170060e-01
2.016083675900000162e+04  9.991867407864936101e-01
2.031196192299999893e+04  9.959704251386320983e-01
2.031196192299999893e+04  9.957737789203084944e-01
2.031196192299999893e+04  9.985621521335806827e-01
2.031196192299999893e+04  9.952368137782561242e-01
2.031196192299999893e+04  1.002875112309074668e+00
2.031196192299999893e+04  1.000276625172890732e+00
2.031196192299999893e+04  1.001089464239938387e+00
2.031196192299999893e+04  1.069936708860759422e+00
2.031196192299999893e+04  1.001499041310789817e+00
2.031196192299999893e+04  9.979413867047890463e-01
2.031196192299999893e+04  1.000080889787664296e+00
2.031196192299999893e+04  9.977941176470588314e-01
2.031196192299999893e+04  9.962081784386618288e-01
2.031196192299999893e+04  9.950426026336171015e-01
2.031196192299999893e+04  1.001095690284879547e+00
2.031196192299999893e+04  1.003161274388738144e+00
2.068868352500000037e+04  9.984807645185003189e-01
2.089163130300000194e+04  1.001239970824215897e+00
2.089163130300000194e+04  9.963888888888888795e-01
2.089163130300000194e+04  9.969941348973607731e-01
2.089163130300000194e+04  9.999457111834962886e-01
2.089163130300000194e+04  9.485491861288040116e-01
2.089163130300000194e+04  1.001240852688513927e+00
2.089163130300000194e+04  9.987789203084831424e-01
2.089163130300000194e+04  1.001554684331485756e+00
2.089163130300000194e+04  9.954388172381252176e-01
2.089163130300000194e+04  1.000646474320603607e+00
2.089163130300000194e+04  9.960999039385207698e-01
2.089163130300000194e+04  9.944292736209719985e-01
2.089163130300000194e+04  1.003700440528634275e+00
2.089163130300000194e+04  1.003313748531139860e+00
2.089163130300000194e+04  9.978015535688113946e-01
2.089163130300000194e+04  9.958931419457734968e-01
2.091625390399999742e+04  9.961134954697185018e-01
2.091625390399999742e+04  9.974012993503246216e-01
2.091625390399999742e+04  1.001656867985034838e+00
2.091625390399999742e+04  1.001883656509695353e+00
2.091625390399999742e+04  9.987441130298273517e-01
2.091625390399999742e+04  1.005227195080286906e+00
2.091625390399999742e+04  9.972132034632033015e-01
2.091625390399999742e+04  9.927819548872179878e-01
2.091625390399999742e+04  9.964542651593010225e-01
2.091625390399999742e+04  1.000192307692307825e+00
2.094472860800000126e+04  1.001524535493091950e+00
2.094472860800000126e+04  9.851327433628319641e-01
2.094472860800000126e+04  9.945450738142604941e-01
2.094472860800000126e+04  9.972527472527472625e-01
2.094472860800000126e+04  9.982648802987041936e-01
2.094472860800000126e+04  9.996598639455781532e-01
2.094472860800000126e+04  1.002792696025778918e+00
2.094472860800000126e+04  9.999117906498089514e-01
2.094472860800000126e+04  1.001025506179332281e+00
2.094472860800000126e+04  9.962439239946975222e-01
2.094472860800000126e+04  9.932542535346273738e-01
2.094472860800000126e+04  9.966731898238747611e-01
2.094472860800000126e+04  9.998784440842789500e-01
2.095709611500000028e+04  1.000157728706624560e+00
2.095709611500000028e+04  9.981046247156937223e-01
2.095709611500000028e+04  9.977286170590323744e-01
2.095709611500000028e+04  9.816140776699028292e-01
2.139940679300000193e+04  9.880784638762259986e-01
2.139940679300000193e+04  9.973030518097941721e-01
2.139940679300000193e+04  1.019187554019014730e+00
2.139940679300000193e+04  9.974444782476422633e-01
2.139940679300000193e+04  9.990474151771379097e-01
2.139940679300000193e+04  1.000875752599890589e+00
2.139940679300000193e+04  9.974502487562186825e-01
2.150155281499999910e+04  1.003534303534303396e+00
2.150155281499999910e+04  1.001673279282387474e+00
2.150155281499999910e+04  1.129751511081262594e+00
2.150155281499999910e+04  9.952483801295896049e-01
2.150155281499999910e+04  1.004817939609236044e+00
2.150155281499999910e+04  9.973156764495347826e-01
2.153841148700000122e+04  1.003321444493981085e+00
2.153841148700000122e+04  1.000987166831194486e+00
2.153841148700000122e+04  9.982990152193375044e-01
2.153841148700000122e+04  9.925960637300842437e-01
2.153841148700000122e+04  9.962105656150831434e-01
2.153841148700000122e+04  9.947856605665579277e-01
2.153841148700000122e+04  9.790082644628099739e-01
2.153841148700000122e+04  9.953538862353452643e-01
2.153841148700000122e+04  9.969558599695584888e-01
2.153841148700000122e+04  1.003875968992247847e+00
2.153841148700000122e+04  1.001587301587301582e+00
2.153841148700000122e+04  9.977104985690615768e-01
2.153841148700000122e+04  1.001090909090909253e+00
2.153841148700000122e+04  1.001282051282051500e+00
2.153841148700000122e+04  9.996975298269197285e-01
2.153841148700000122e+04  9.967816445950108406e-01
2.158553533000000243e+04  1.003998688954441221e+00
2.158553533000000243e+04  1.000934829059829223e+00
2.158553533000000243e+04  9.973552537526804151e-01
2.158553533000000243e+04  1.006278136026280468e+00
2.158553533000000243e+04  1.007179930795847778e+00
2.158553533000000243e+04  9.952768729641695566e-01
2.158553533000000243e+04  9.951148666490627903e-01
2.158553533000000243e+04  1.003102355072463592e+00
2.158553533000000243e+04  9.926629544710118269e-01
2.158553533000000243e+04  9.976361031518625744e-01
2.158553533000000243e+04  1.014330958036421260e+00
2.158553533000000243e+04  1.002581464240372533e+00
2.175261128100000133e+04  1.014237415477085014e+00
2.175261128100000133e+04  1.001269920318724971e+00
2.175261128100000133e+04  9.948921679909193960e-01
2.175261128100000133e+04  9.946113989637305197e-01
2.175261128100000133e+04  9.977270335683467994e-01
2.175261128100000133e+04  9.972645604118299811e-01
2.175261128100000133e+04  1.001842696629213547e+00
2.175261128100000133e+04  1.003571428571428337e+00
2.175261128100000133e+04  1.000403669724770683e+00
2.175261128100000133e+04  9.950066137566139224e-01
2.175261128100000133e+04  9.874999999999998224e-01
2.175261128100000133e+04  9.961568024596464399e-01
2.175261128100000133e+04  1.004125412541254203e+00
2.175261128100000133e+04  1.000895522388059788e+00
2.175261128100000133e+04  9.972245788389285659e-01
2.175261128100000133e+04  1.006133464180569259e+00
2.175261128100000133e+04  9.976784618531396864e-01
2.175261128100000133e+04  1.002439607749342265e+00
2.175261128100000133e+04  1.003237975479409183e+00
2.186620586499999990e+04  9.957941613062839536e-01
2.186620586499999990e+04  9.981127785356980198e-01
2.186620586499999990e+04  9.998396793587174258e-01
2.186620586499999990e+04  1.001613668723303263e+00
2.186620586499999990e+04  1.001246502162299823e+00
2.186620586499999990e+04  9.998583569405098403e-01
2.186620586499999990e+04  9.967381974248924470e-01
2.186620586499999990e+04  9.933130699088147386e-01
2.186620586499999990e+04  9.997578692493945818e-01
2.186620586499999990e+04  9.968951612903224069e-01
2.186620586499999990e+04  9.938849689972203416e-01
2.186620586499999990e+04  1.032688391038696585e+00
2.186620586499999990e+04  1.003174049529124368e+00
2.200100949000000037e+04  9.969378827646545593e-01
2.200100949000000037e+04  1.005772411511743236e+00
2.200100949000000037e+04  1.001196172248803862e+00
2.200100949000000037e+04  1.002558841279420854e+00
2.200100949000000037e+04  1.000186828584773480e+00
2.200100949000000037e+04  1.002298311444653089e+00
2.200100949000000037e+04  1.002010384769005391e+00
2.200100949000000037e+04  9.945840554592721983e-01
2.200100949000000037e+04  1.003226879574184771e+00
2.200100949000000037e+04  9.949601007979841372e-01
2.200100949000000037e+04  1.003364737550471064e+00
2.200100949000000037e+04  9.972024915309800619e-01
2.200100949000000037e+04  1.080376954952546598e+00
2.200100949000000037e+04  9.968583856935717691e-01
2.200100949000000037e+04  1.005498133792707360e+00
2.200100949000000037e+04  9.916815210932856672e-01
2.200100949000000037e+04  9.950842057350932635e-01
2.200100949000000037e+04  9.994093325457765742e-01
2.200100949000000037e+04  9.977599557522124352e-01
2.202231261599999925e+04  1.002055921052631637e+00
2.202231261599999925e+04  9.969817578772803834e-01
2.202231261599999925e+04  9.964369158878505495e-01
2.202231261599999925e+04  9.983680130558956201e-01
2.202231261599999925e+04  1.000168173218415113e+00
2.202231261599999925e+04  1.002468007312614207e+00
2.202231261599999925e+04  9.906787497688179789e-01
2.202231261599999925e+04  1.001767955801105003e+00
2.202231261599999925e+04  9.967356173238526296e-01
2.202231261599999925e+04  9.959466019417476668e-01
2.217112980600000083e+04  9.984048528420579327e-01
2.224690524000000005e+04  9.985091455775496616e-01
2.224690524000000005e+04  9.940142318961907586e-01
2.224690524000000005e+04  1.001309586170769927e+00
2.224690524000000005e+04  9.853141412176616987e-01
2.224690524000000005e+04  1.003612167300380165e+00
2.224690524000000005e+04  1.003361344537815114e+00
2.224690524000000005e+04  9.960313024035774010e-01
2.224690524000000005e+04  1.001218369259606611e+00
2.224690524000000005e+04  9.896149358226370429e-01
2.224690524000000005e+04  9.971911608093715351e-01
2.224690524000000005e+04  1.001232777374909455e+00
2.224690524000000005e+04  1.001148482362592240e+00
2.224690524000000005e+04  9.951674641148325895e-01
2.224690524000000005e+04  9.968775677896466458e-01
2.224690524000000005e+04  9.995803744351194897e-01
2.224690524000000005e+04  9.974530206553813283e-01
2.232811238500000036e+04  9.999464763603925777e-01
2.232811238500000036e+04  1.002836879432624340e+00
2.232811238500000036e+04  1.005342184289552687e+00
2.232811238500000036e+04  1.003328850033624819e+00
2.232811238500000036e+04  9.948571428571428843e-01
2.232811238500000036e+04  9.978196600147818396e-01
2.232811238500000036e+04  9.966114457831324325e-01
2.232811238500000036e+04  9.958333333333333481e-01
2.232811238500000036e+04  1.001019575856443744e+00
2.232811238500000036e+04  9.972117901445316512e-01
2.232811238500000036e+04  9.963184931506848807e-01
2.232811238500000036e+04  1.001256467110125392e+00
2.232811238500000036e+04  1.007785817655571625e+00
2.232811238500000036e+04  1.003636363636363882e+00
2.232811238500000036e+04  1.002000000000000002e+00
2.232811238500000036e+04  9.947106690777575144e-01
2.232811238500000036e+04  9.938858695652174058e-01
2.232811238500000036e+04  1.000291545189504472e+00
2.232811238500000036e+04  9.749315265965114996e-01
2.233316541100000177e+04  9.973580280539288134e-01
2.233316541100000177e+04  1.000065919578114748e+00
2.233316541100000177e+04  9.980225025571087816e-01
2.233316541100000177e+04  9.644358794674142699e-01
2.265985735800000111e+04  1.000453857791225420e+00
2.265985735800000111e+04  1.027386046511628015e+00
2.265985735800000111e+04  9.968137254901959787e-01
2.265985735800000111e+04  9.821554770318021710e-01
2.265985735800000111e+04  9.972222222222223431e-01
2.265985735800000111e+04  9.988264222644461787e-01
2.265985735800000111e+04  9.963658388855239911e-01
2.273054213600000003e+04  9.881204500330905693e-01
2.273054213600000003e+04  1.000533867200533944e+00
2.273054213600000003e+04  1.002467232074016668e+00
2.273054213600000003e+04  1.012880886426592797e+00
2.273054213600000003e+04  9.930487137383690044e-01
2.273054213600000003e+04  1.001160409556314024e+00
2.273054213600000003e+04  1.003478260869565153e+00
2.273054213600000003e+04  9.979233621755253525e-01
2.273054213600000003e+04  9.997782377291543066e-01
2.273054213600000003e+04  1.001399752984767355e+00
2.273054213600000003e+04  1.004895311117664614e+00
2.273054213600000003e+04  9.970532988964545540e-01
2.273054213600000003e+04  9.968149882903981629e-01
2.273054213600000003e+04  9.947470817120623865e-01
2.273054213600000003e+04  9.967764540995096567e-01
2.273054213600000003e+04  1.006144742831133199e+00
2.273054213600000003e+04  9.963550706669974666e-01
2.273054213600000003e+04  1.001119592875318043e+00
2.273054213600000003e+04  9.945305378304466482e-01
2.283066270799999984e+04  9.995097538555817174e-01
2.283066270799999984e+04  1.000000000000000000e+00
2.283066270799999984e+04  1.001287553648068540e+00
2.283066270799999984e+04  9.965289982425304949e-01
2.283066270799999984e+04  9.978481910617166273e-01
2.283066270799999984e+04  1.005605435573889705e+00
2.283066270799999984e+04  9.961761297798377157e-01
2.283066270799999984e+04  9.953984287317620971e-01
2.283066270799999984e+04  9.920951976200594880e-01
2.283066270799999984e+04  1.003571428571428559e+00
2.283066270799999984e+04  9.936273029296286419e-01
2.283066270799999984e+04  9.996796925048045956e-01
2.283066270799999984e+04  1.001719785421268716e+00
2.301146764999999868e+04  1.001084598698481543e+00
2.301146764999999868e+04  1.004019688269073063e+00
2.301146764999999868e+04  9.880538275993396846e-01
2.301146764999999868e+04  9.973783226119672385e-01
2.301146764999999868e+04  9.962773722627737971e-01
2.301146764999999868e+04  1.001538461538461489e+00
2.301146764999999868e+04  9.993761996161226735e-01
2.301146764999999868e+04  9.973464136378256129e-01
2.301146764999999868e+04  1.001571546732836993e+00
2.301146764999999868e+04  1.001443768996960415e+00
2.301146764999999868e+04  9.935103244837758529e-01
2.301146764999999868e+04  9.949813134009608540e-01
2.301146764999999868e+04  9.963955637707949675e-01
2.301146764999999868e+04  9.732170245398774622e-01
2.301146764999999868e+04  1.003763010408326606e+00
2.301146764999999868e+04  9.984909633268995721e-01
2.315782961599999908e+04  9.971055088702147629e-01
2.315782961599999908e+04  9.955454315363200246e-01
2.315782961599999908e+04  1.001030502885407847e+00
2.315782961599999908e+04  1.001986754966887494e+00
2.315782961599999908e+04  9.981244671781756006e-01
2.315782961599999908e+04  1.001628189550425319e+00
2.315782961599999908e+04  1.000035419126328096e+00
2.315782961599999908e+04  9.875000000000001554e-01
2.315782961599999908e+04  9.956989247311827107e-01
2.315782961599999908e+04  9.958351992834750810e-01
2.320429053500000009e+04  9.959615384615384537e-01
2.320429053500000009e+04  9.945703742751714760e-01
2.320429053500000009e+04  9.944746130871572332e-01
2.320429053500000009e+04  9.978058510638297962e-01
2.320429053500000009e+04  1.001705191360363845e+00
2.320429053500000009e+04  1.024728132387707102e+00
2.320429053500000009e+04  9.993535875888817088e-01
2.320429053500000009e+04  9.963548830811554957e-01
2.320429053500000009e+04  9.969033506713438353e-01
2.320429053500000009e+04  1.004644845850876100e+00
2.320429053500000009e+04  9.978237602568676978e-01
2.320429053500000009e+04  1.001422319474835509e+00
2.320429053500000009e+04  1.005438596491228020e+00
2.320429053500000009e+04  1.000958744915746657e+00
2.320429053500000009e+04  1.000784475639967086e+00
2.320429053500000009e+04  9.920983606557377543e-01
2.320429053500000009e+04  1.001978609625668648e+00
2.320429053500000009e+04  1.003399339933993328e+00
2.320429053500000009e+04  9.921705426356590696e-01
2.365682682800000111e+04  9.983678593848086535e-01
2.371896625099999801e+04  9.978749999999999565e-01
2.371896625099999801e+04  9.969846056181558280e-01
2.371896625099999801e+04  1.000045475216007285e+00
2.371896625099999801e+04  8.968854282536151690e-01
2.374485076299999855e+04  1.004934128759632062e+00
2.374485076299999855e+04  1.000992145514675524e+00
2.374485076299999855e+04  1.003665261109309093e+00
2.374485076299999855e+04  9.975719424460433027e-01
2.374485076299999855e+04  1.005889777029869592e+00
2.374485076299999855e+04  9.949206349206348721e-01
2.374485076299999855e+04  9.903100775193798277e-01
2.374485076299999855e+04  1.001098901098901095e+00
2.374485076299999855e+04  9.985650224215244508e-01
2.374485076299999855e+04  9.966658341658342080e-01
2.374485076299999855e+04  9.957597173144876468e-01
2.374485076299999855e+04  9.943385326400926427e-01
2.374485076299999855e+04  9.992916174734356449e-01
2.374485076299999855e+04  1.000874769797421848e+00
2.374485076299999855e+04  1.002364561508530594e+00
2.374485076299999855e+04  1.002070888092393419e+00
2.374485076299999855e+04  1.083068362480127389e+00
2.374485076299999855e+04  9.939106616097767022e-01
2.374485076299999855e+04  9.933318993331898827e-01
2.382630219399999987e+04  9.923980649619902339e-01
2.382630219399999987e+04  1.002111613876319973e+00
2.382630219399999987e+04  9.992320261437908080e-01
2.382630219399999987e+04  9.959611451942740334e-01
2.382630219399999987e+04  9.981858298602599433e-01
2.382630219399999987e+04  1.022068095838587709e+00
2.382630219399999987e+04  1.001450326323422901e+00
2.382630219399999987e+04  9.896078431372549167e-01
2.382630219399999987e+04  1.003987089424719814e+00
2.382630219399999987e+04  1.004403522818254402e+00
2.382630219399999987e+04  1.000937950937951015e+00
2.382630219399999987e+04  9.971218206157964614e-01
2.382630219399999987e+04  9.944444444444445752e-01
2.382630219399999987e+04  9.976168547087266303e-01
2.382630219399999987e+04  1.001855519649744508e+00
2.382630219399999987e+04  9.956162297400195094e-01
2.383219201899999825e+04  9.952872821174952866e-01
2.383219201899999825e+04  1.001685570258349145e+00
2.383219201899999825e+04  9.999168744804655118e-01
2.383219201899999825e+04  9.938613861386139670e-01
2.383219201899999825e+04  9.994201217744274057e-01
2.383219201899999825e+04  9.895463510848127031e-01
2.383219201899999825e+04  9.976514215080345416e-01
2.383219201899999825e+04  9.961619718309858706e-01
2.383219201899999825e+04  1.002455357142857162e+00
2.383219201899999825e+04  1.003650846332558855e+00
2.383219201899999825e+04  9.953523562472980091e-01
2.383219201899999825e+04  1.001437740693196243e+00
2.383219201899999825e+04  9.993377483443708353e-01
2.393695110600000044e+04  9.965681601525262501e-01
2.393695110600000044e+04  9.945374903375417963e-01
2.393695110600000044e+04  9.696843853820599213e-01
2.393695110600000044e+04  1.000077056443845258e+00
2.393695110600000044e+04  1.028346456692913247e+00
2.393695110600000044e+04  9.985925404644615533e-01
2.393695110600000044e+04  9.969726562499999778e-01
2.428073906699999861e+04  1.008716248223590739e+00
2.428073906699999861e+04  1.048027769012306321e+00
2.428073906699999861e+04  1.005986903648269593e+00
2.428073906699999861e+04  1.001246566659623971e+00
2.428073906699999861e+04  9.964493221433181613e-01
2.428073906699999861e+04  9.937511158721658022e-01
2.428073906699999861e+04  9.774548887956358012e-01
2.431722198800000115e+04  1.000257249766136614e+00
2.431722198800000115e+04  9.967532467532467244e-01
2.431722198800000115e+04  1.001479340248257355e+00
2.431722198800000115e+04  9.956043956043958421e-01
2.431722198800000115e+04  9.980295566502461746e-01
2.431722198800000115e+04  9.997814804698169633e-01
2.431722198800000115e+04  9.941979522184299922e-01
2.431722198800000115e+04  9.950647249190938126e-01
2.431722198800000115e+04  1.002152317880794730e+00
2.431722198800000115e+04  9.820665768712718569e-01
2.434730766100000255e+04  1.001626226122870333e+00
2.434730766100000255e+04  9.993049986634590098e-01
2.434730766100000255e+04  9.939704939063501721e-01
2.434730766100000255e+04  9.947540983606557585e-01
2.434730766100000255e+04  9.964803312629397780e-01
2.434730766100000255e+04  1.000826787928896344e+00
2.434730766100000255e+04  9.856917619235318062e-01
2.434730766100000255e+04  1.005707395498392165e+00
2.434730766100000255e+04  1.005238689193786117e+00
2.434730766100000255e+04  9.127431906614786872e-01
2.434730766100000255e+04  9.955201214882309912e-01
2.434730766100000255e+04  1.003623649078194457e+00
2.434730766100000255e+04  9.948629291183009871e-01
2.434730766100000255e+04  9.990598768886402858e-01
2.434730766100000255e+04  9.976161369193154993e-01
2.434730766100000255e+04  1.002227101631116835e+00
2.434730766100000255e+04  1.002106567534076786e+00
2.434730766100000255e+04  1.000929668552950735e+00
2.434730766100000255e+04  9.933173406442767917e-01
2.435883215900000141e+04  1.002023692003948474e+00
2.435883215900000141e+04  1.000519120955182695e+00
2.435883215900000141e+04  1.003556263269639093e+00
2.435883215900000141e+04  9.962126245847175987e-01
2.435883215900000141e+04  1.019882948434039927e+00
2.435883215900000141e+04  1.015306122448979664e+00
2.435883215900000141e+04  1.004523107177974328e+00
2.435883215900000141e+04  9.927385308190260771e-01
2.435883215900000141e+04  9.624845379042231697e-01
2.435883215900000141e+04  1.008391608391608241e+00
2.435883215900000141e+04  9.936885245901639907e-01
2.435883215900000141e+04  9.962634578847371358e-01
2.435883215900000141e+04  1.007545336787564638e+00
2.435883215900000141e+04  9.936648501362398411e-01
2.451417488799999774e+04  9.965290614089137300e-01
2.451417488799999774e+04  9.998261733300224385e-01
2.451417488799999774e+04  1.003776368195899105e+00
2.451417488799999774e+04  1.003225806451612856e+00
2.451417488799999774e+04  1.014104372355429939e+00
2.451417488799999774e+04  9.959680222453944909e-01
2.451417488799999774e+04  1.000411323493830329e+00
2.451417488799999774e+04  9.939539347408830050e-01
2.451417488799999774e+04  1.006942114093959839e+00
2.451417488799999774e+04  9.977551321813619145e-01
2.451417488799999774e+04  1.005834829443446932e+00
2.451417488799999774e+04  1.003014861995753737e+00
2.451417488799999774e+04  1.014214876033058044e+00
2.451417488799999774e+04  9.932130584192438993e-01
2.451417488799999774e+04  9.961502347417841019e-01
2.451417488799999774e+04  1.004878709852283558e+00
2.451417488799999774e+04  1.002624358821424311e+00
2.451417488799999774e+04  9.962600178094390690e-01
2.451417488799999774e+04  9.935617247489662018e-01
2.451417488799999774e+04  9.413198436422165472e-01
2.451417488799999774e+04  9.937120970315989066e-01
2.451417488799999774e+04  1.009832820061592473e+00
2.468554369399999996e+04  1.002219125214408368e+00
2.468554369399999996e+04  9.967962184873950804e-01
2.468554369399999996e+04  1.004375000000000018e+00
2.468554369399999996e+04  1.004093778178539065e+00
2.468554369399999996e+04  9.957810718358041102e-01
2.468554369399999996e+04  1.005435606060606002e+00
2.468554369399999996e+04  9.978542234332424821e-01
2.468554369399999996e+04  9.948164146868250235e-01
2.468554369399999996e+04  9.909243228148562066e-01
2.468554369399999996e+04  9.989681857265693132e-01
2.468554369399999996e+04  9.897478991596638798e-01
2.468554369399999996e+04  1.000995732574680108e+00
2.468554369399999996e+04  9.988621000450653709e-01
2.468554369399999996e+04  1.001768033946251801e+00
2.468554369399999996e+04  9.938973647711512038e-01
2.468554369399999996e+04  1.001081470800288420e+00
2.474505178800000067e+04  9.967255558939994708e-01
2.474505178800000067e+04  9.934868421052632792e-01
2.474505178800000067e+04  9.965896980461811383e-01
2.474505178800000067e+04  1.004160688665710177e+00
2.474505178800000067e+04  1.028086419753086567e+00
2.474505178800000067e+04  9.902769167183304022e-01
2.474505178800000067e+04  1.004351204351204174e+00
2.474505178800000067e+04  1.011336161187698979e+00
2.474505178800000067e+04  1.000622740056247739e+00
2.474505178800000067e+04  1.002671232876712448e+00
2.474505178800000067e+04  1.003861184930436190e+00
2.474505178800000067e+04  1.005799256505576222e+00
2.474505178800000067e+04  9.997729852440407905e-01
2.474505178800000067e+04  1.000465959099145818e+00
2.474505178800000067e+04  1.009430564933603280e+00
2.474505178800000067e+04  1.004967357365881275e+00
2.474505178800000067e+04  1.003461217681401063e+00
2.474505178800000067e+04  9.960204081632654249e-01
2.474505178800000067e+04  9.923787528868359686e-01
2.474505178800000067e+04  9.934523809523808646e-01
2.474505178800000067e+04  9.978599221789884455e-01
2.474505178800000067e+04  9.952951240376388675e-01
2.486497692599999937e+04  9.959976543028883356e-01
2.486497692599999937e+04  9.931163071961298661e-01
2.486497692599999937e+04  9.999135322092520539e-01
2.486497692599999937e+04  1.000882456759618844e+00
2.486497692599999937e+04  9.991146881287726877e-01
2.486497692599999937e+04  9.972446061866391265e-01
2.486497692599999937e+04  1.004118028534370932e+00
2.486497692599999937e+04  9.989843750000000355e-01
2.486497692599999937e+04  9.869588034636577190e-01
2.486497692599999937e+04  1.001685304772405027e+00
2.486497692599999937e+04  9.941220798794273561e-01
2.486497692599999937e+04  9.939993908010966717e-01
2.486497692599999937e+04  1.001469802244788987e+00
