3.543967870000000175e+02  2.365700000001424996e-02
7.055662780000000112e+02  3.957000000002608431e-02
1.168876719999999978e+03  5.563099999994847167e-02
1.740308739000000060e+03  7.177699999988362833e-02
2.415064112999999907e+03  8.784599999989950447e-02
3.187693230999999741e+03  1.035550000001421722e-01
4.052228606000000127e+03  1.184929999999440042e-01
4.162050411000000167e+03  8.606319999998959247e-01
4.274625086000000010e+03  8.370720000007167982e-01
4.274625086000000010e+03  8.766420000001744484e-01
4.498723336999999447e+03  8.849140000002080342e-01
4.498723336999999447e+03  8.612569999995685066e-01
4.498723336999999447e+03  6.249999999567990017e-04
4.498723336999999447e+03  8.056270000001859444e-01
4.832276831000000129e+03  8.379420000001118751e-01
4.832276831000000129e+03  7.661650000000008731e-01
4.832276831000000129e+03  8.775119999991147779e-01
4.832276831000000129e+03  8.699999999635110726e-04
5.002317732999999862e+03  1.321269999998548883e-01
5.272265124000000469e+03  8.063940000001821318e-01
5.272265124000000469e+03  7.679999999936626409e-04
5.272265124000000469e+03  8.620250000003579771e-01
5.272265124000000469e+03  7.185480000002826273e-01
5.814807177000000593e+03  4.999999998744897312e-05
5.814807177000000593e+03  8.379920000006677583e-01
5.814807177000000593e+03  7.662149999996472616e-01
5.814807177000000593e+03  6.626599999999598367e-01
6.031349670000000515e+03  1.437999999998282874e-01
6.455272742999999537e+03  7.169229999994968239e-01
6.455272742999999537e+03  8.047689999993963283e-01
6.455272742999999537e+03  -1.624999999876308721e-03
6.455272742999999537e+03  5.984290000005785259e-01
7.132571098999999776e+03  1.527519999999640277e-01
7.188406351000000541e+03  5.258339999995769176e-01
7.188406351000000541e+03  -4.698000000189495040e-03
7.188406351000000541e+03  6.579609999998865533e-01
7.188406351000000541e+03  7.615159999995739781e-01
8.008456590000000688e+03  4.448829999998906715e-01
8.008456590000000688e+03  7.071770000002288725e-01
8.008456590000000688e+03  -9.745000000066283974e-03
8.008456590000000688e+03  5.886829999999463325e-01
8.088227815999999621e+03  1.201404000001275563e+00
8.088227815999999621e+03  3.402429999996456900e-01
8.195009706000000733e+03  3.308609999999134743e-01
8.195009706000000733e+03  1.207404999999198481e+00
8.195009706000000733e+03  3.299929999998312269e-01
8.195009706000000733e+03  1.167843000001084874e+00
8.299188973999998780e+03  1.581230000001596636e-01
8.407556623999998919e+03  -2.943800000002738670e-02
8.407556623999998919e+03  3.100399999998444400e-01
8.407556623999998919e+03  3.108040000001892622e-01
8.407556623999998919e+03  1.195617999997921288e+00
8.407556623999998919e+03  1.171966000000793429e+00
8.407556623999998919e+03  1.116346000000703498e+00
8.407556623999998919e+03  3.114279999999780557e-01
8.723867938999999751e+03  -4.947800000002189336e-02
8.723867938999999751e+03  1.157927000000199769e+00
8.723867938999999751e+03  1.046601999999438704e+00
8.723867938999999751e+03  2.804699999996955739e-01
8.723867938999999751e+03  2.805150000008325151e-01
8.723867938999999751e+03  2.813829999995505204e-01
8.723867938999999751e+03  1.118365000001176668e+00
8.909304140000000189e+03  5.083420000000842265e-01
8.909304140000000189e+03  6.404690000008486095e-01
8.909304140000000189e+03  -1.749399999971501529e-02
8.909304140000000189e+03  3.555900000001201988e-01
9.141022933000000194e+03  1.045919999998659478e+00
9.141022933000000194e+03  -7.042599999988397030e-02
9.141022933000000194e+03  9.580920000007608905e-01
9.141022933000000194e+03  1.101538999999320367e+00
9.141022933000000194e+03  2.412459999995917315e-01
9.141022933000000194e+03  2.396140000000741566e-01
9.141022933000000194e+03  2.403779999995094840e-01
9.524458205999999336e+03  1.589649999996254337e-01
9.655270254000000932e+03  9.537310000005163602e-01
9.655270254000000932e+03  8.501990000004298054e-01
9.655270254000000932e+03  1.923059999999168213e-01
9.655270254000000932e+03  1.876449999999749707e-01
9.655270254000000932e+03  -9.286999999994804966e-02
9.655270254000000932e+03  1.876000000002022716e-01
9.655270254000000932e+03  1.025493999999525840e+00
9.884583112999998775e+03  -2.878999999984444003e-02
9.884583112999998775e+03  4.160930000002736051e-01
9.884583112999998775e+03  2.579700000001139415e-01
9.884583112999998775e+03  5.598930000005566399e-01
1.026213653599999998e+04  -1.172730000000683503e-01
1.026213653599999998e+04  1.239729999997507548e-01
1.026213653599999998e+04  8.408190000000104192e-01
1.026213653599999998e+04  1.223409999993236852e-01
1.026213653599999998e+04  1.337290000001303270e-01
1.026213653599999998e+04  7.223519999988639029e-01
1.026213653599999998e+04  9.286470000006374903e-01
1.080175389999999970e+04  1.542450000001736043e-01
1.092779161800000111e+04  1.520479999999224674e-01
1.092779161800000111e+04  3.110129999995479011e-01
1.092779161800000111e+04  -4.457600000023376197e-02
1.092779161800000111e+04  4.637660000007599592e-01
1.095654675300000054e+04  4.355899999973189551e-02
1.095654675300000054e+04  7.061579999990499346e-01
1.095654675300000054e+04  -1.440399999999044667e-01
1.095654675300000054e+04  5.740620000005947077e-01
1.095654675300000054e+04  4.826600000069447560e-02
1.095654675300000054e+04  8.096910000003845198e-01
1.095654675300000054e+04  6.577300000003560854e-02
1.173294907000000057e+04  -4.005100000040329178e-02
1.173294907000000057e+04  -1.124600000002828892e-02
1.173294907000000057e+04  6.670389999981125584e-01
1.173294907000000057e+04  5.485730000000330620e-01
1.173294907000000057e+04  -4.980700000032811658e-02
1.173294907000000057e+04  -1.737790000001950830e-01
1.173294907000000057e+04  4.048069999998915591e-01
1.178332226900000023e+04  -2.644420000001446169e-01
1.178332226900000023e+04  4.636399999799323268e-02
1.178332226900000023e+04  9.075240000001940643e-01
1.188439706200000001e+04  8.616060000003926689e-01
1.188439706200000001e+04  2.375700000084179919e-02
1.188439706200000001e+04  2.462500000001455192e-02
1.188439706200000001e+04  -3.062349999995603866e-01
1.188439706200000001e+04  9.011690000024827896e-01
1.188439706200000001e+04  -2.567569999996521801e-01
1.203238888500000030e+04  -6.586900000047535286e-02
1.203238888500000030e+04  1.921010000000933360e-01
1.203238888500000030e+04  3.502239999997982522e-01
1.203238888500000030e+04  3.785599999991973164e-02
1.208556212600000072e+04  8.648660000017116545e-01
1.208556212600000072e+04  -1.932399999986955663e-02
1.208556212600000072e+04  -1.994800000011309749e-02
1.208556212600000072e+04  -2.603260000000773289e-01
1.208556212600000072e+04  -2.071200000045791967e-02
1.208556212600000072e+04  7.855930000005173497e-01
1.208556212600000072e+04  8.412119999975402607e-01
1.208556212600000072e+04  -6.631200000003900641e-02
1.208556212600000072e+04  -3.307530000001861481e-01
1.208556212600000072e+04  -3.601909999997587875e-01
1.212462854100000004e+04  1.428540000001703447e-01
1.238488029500000084e+04  7.508620000007795170e-01
1.238488029500000084e+04  -8.611900000050809467e-02
1.238488029500000084e+04  -8.698800000001938315e-02
1.238488029500000084e+04  -8.703199999945354648e-02
1.238488029500000084e+04  -3.675019999996038678e-01
1.238488029500000084e+04  -2.746320000001105655e-01
1.238488029500000084e+04  -1.107450000000653745e-01
1.238488029500000084e+04  6.791000000011990778e-01
1.238488029500000084e+04  -4.169799999999668216e-01
1.238488029500000084e+04  7.904250000010506483e-01
1.258543787499999962e+04  2.139090000000578584e-01
1.258543787499999962e+04  -1.416669999998703133e-01
1.258543787499999962e+04  -9.707400000002053275e-02
1.258543787499999962e+04  3.666230000007999479e-01
1.258543787499999962e+04  4.987200000014126999e-01
1.258543787499999962e+04  -1.591730000000097789e-01
1.258543787499999962e+04  -2.074399999999059219e-01
1.277952360000000044e+04  -1.767560000007506460e-01
1.277952360000000044e+04  -4.171329999999215943e-01
1.277952360000000044e+04  6.287860000011278316e-01
1.277952360000000044e+04  -1.568069999998442654e-01
1.277952360000000044e+04  6.844050000017887214e-01
1.277952360000000044e+04  -2.998599999996258703e-01
1.277952360000000044e+04  -1.758880000006683986e-01
1.277952360000000044e+04  5.409579999995912658e-01
1.277952360000000044e+04  -4.875609999999142019e-01
1.277952360000000044e+04  -1.775199999983669841e-01
1.319187754200000018e+04  -8.457799999996495899e-02
1.319187754200000018e+04  2.172410000002855668e-01
1.319187754200000018e+04  -9.377200000017182902e-02
1.319187754200000018e+04  5.827599999975063838e-02
1.326586070900000050e+04  -2.882660000004761969e-01
1.326586070900000050e+04  4.731590000010328367e-01
1.326586070900000050e+04  -2.929719999992812518e-01
1.326586070900000050e+04  -2.059399999998277053e-01
1.326586070900000050e+04  -4.805720000008477655e-01
1.326586070900000050e+04  -3.365319999998064304e-01
1.326586070900000050e+04  -5.734419999989768257e-01
1.326586070900000050e+04  5.449219999991328223e-01
1.326586070900000050e+04  3.696270000018557766e-01
1.326586070900000050e+04  -2.929270000004180474e-01
1.348685507299999881e+04  1.236010000002352172e-01
1.350786983799999871e+04  1.586410000008982024e-01
1.350786983799999871e+04  -2.862160000004223548e-01
1.350786983799999871e+04  -2.574110000000473519e-01
1.350786983799999871e+04  5.600000004051253200e-04
1.350786983799999871e+04  -2.461660000001302251e-01
1.350786983799999871e+04  -1.915249999999559805e-01
1.350786983799999871e+04  3.024059999988821801e-01
1.383956309900000088e+04  2.824579999996785773e-01
1.383956309900000088e+04  -3.845810000002529705e-01
1.383956309900000088e+04  -4.343879999996715924e-01
1.383956309900000088e+04  -5.583609999998770945e-01
1.383956309900000088e+04  -4.246309999989534845e-01
1.383956309900000088e+04  -2.584990000000289001e-01
1.383956309900000088e+04  -4.360200000010081567e-01
1.383956309900000088e+04  -6.756340000001728185e-01
1.383956309900000088e+04  1.639910000012605451e-01
1.383956309900000088e+04  3.702859999993961537e-01
1.439987071699999797e+04  -1.294750000001840817e-01
1.439987071699999797e+04  -2.152200000001585067e-01
1.439987071699999797e+04  6.262599999990925426e-02
1.439987071699999797e+04  -9.161899999980960274e-02
1.449396906399999898e+04  -2.943519999998898129e-01
1.449396906399999898e+04  -7.715799999914452201e-02
1.449396906399999898e+04  -4.327350000003207242e-01
1.449396906399999898e+04  -2.360779999999067513e-01
1.449396906399999898e+04  -2.910679999999956635e-01
1.449396906399999898e+04  7.555500000125903171e-02
1.449396906399999898e+04  -3.881430000001273584e-01
1.449572178899999926e+04  5.573600000025180634e-02
1.449572178899999926e+04  -6.021559999999226420e-01
1.449572178899999926e+04  1.592679999994288664e-01
1.449572178899999926e+04  -3.138910000000123546e-01
1.449572178899999926e+04  -4.429840000000240252e-01
1.449572178899999926e+04  -5.846510000001217122e-01
1.449572178899999926e+04  -6.504220000006171176e-01
1.449572178899999926e+04  -7.944629999992685043e-01
1.449572178899999926e+04  -6.068630000008852221e-01
1.449572178899999926e+04  -7.636000000093190465e-02
1.488245723700000053e+04  9.521600000016405829e-02
1.522896718799999871e+04  -3.517349999983707676e-01
1.522896718799999871e+04  -8.063480000000708969e-01
1.522896718799999871e+04  -2.079700000012962846e-01
1.522896718799999871e+04  -7.677869999997710693e-01
1.522896718799999871e+04  -5.103760000001784647e-01
1.522896718799999871e+04  -3.719610000000557193e-01
1.522896718799999871e+04  -9.303219999992506928e-01
1.522896718799999871e+04  -8.950199999890173785e-02
1.522896718799999871e+04  -7.565429999999651045e-01
1.522896718799999871e+04  -7.965919999996913248e-01
1.525029749300000003e+04  -9.214699999938602559e-02
1.525029749300000003e+04  -9.333590000001095177e-01
1.525029749300000003e+04  -9.533080000001064036e-01
1.525029749300000003e+04  -1.264111999998931424e+00
1.534570543799999905e+04  -9.030090000001109729e-01
1.534570543799999905e+04  -1.319989000000532542e+00
1.534570543799999905e+04  -1.270511000000624335e+00
1.534570543799999905e+04  -9.891279999992548255e-01
1.534570543799999905e+04  -1.521470000006956980e-01
1.534570543799999905e+04  -1.013753000000178872e+00
1.534570543799999905e+04  -9.899960000002465677e-01
1.534570543799999905e+04  -1.125839999967865879e-01
1.553556759799999963e+04  -1.996539999981905567e-01
1.553556759799999963e+04  -1.107179000000087399e+00
1.553556759799999963e+04  -1.371619000000464439e+00
1.553556759799999963e+04  -1.760010000016336562e-01
1.553556759799999963e+04  -1.075079999999957181e-01
1.553556759799999963e+04  -1.060815000000729924e+00
1.553556759799999963e+04  -1.401058000001285109e+00
1.553556759799999963e+04  -1.040867000000162079e+00
1.553556759799999963e+04  -1.061578999999255757e+00
1.553556759799999963e+04  -1.301193000000239408e+00
1.553556759799999963e+04  -8.840599999998630665e-01
1.553556759799999963e+04  -1.060190999998667394e+00
1.553556759799999963e+04  -2.552729999988514464e-01
1.553741871100000208e+04  -6.005770000001575681e-01
1.553741871100000208e+04  -1.845250000005762558e-01
1.553741871100000208e+04  -5.346910000002935703e-01
1.553741871100000208e+04  -3.431660000001102162e-01
1.553741871100000208e+04  -4.968040000003384193e-01
1.553741871100000208e+04  -4.051970000000437722e-01
1.553741871100000208e+04  -3.426060000001598382e-01
1.565014444000000003e+04  -1.159549999993032543e-01
1.565014444000000003e+04  -3.540249999999787178e-01
1.565014444000000003e+04  -1.742309999999633874e-01
1.565014444000000003e+04  -2.588089999999283464e-01
1.581800579499999913e+04  -1.448165999999218911e+00
1.581800579499999913e+04  -8.747240000002420857e-01
1.581800579499999913e+04  -4.015650000001187436e-01
1.581800579499999913e+04  -1.776549999999588181e-01
1.581800579499999913e+04  -1.191407999999682943e+00
1.581800579499999913e+04  -1.355295999999725609e+00
1.581800579499999913e+04  -1.497645000000375148e+00
1.581800579499999913e+04  -1.167696000002251822e+00
1.581800579499999913e+04  -1.080664000000069791e+00
1.581800579499999913e+04  -1.167650999999750638e+00
1.581800579499999913e+04  -3.298019999983807793e-01
1.581800579499999913e+04  -1.166782999998758896e+00
1.581800579499999913e+04  -2.902390000017476268e-01
1.603358642400000099e+04  -9.740650000003370224e-01
1.603358642400000099e+04  -1.018656999998711399e+00
1.603358642400000099e+04  -4.340070000000650907e-01
1.603358642400000099e+04  -5.859230000000934524e-01
1.603358642400000099e+04  -1.084429999998974381e+00
1.603358642400000099e+04  -5.103680000011081574e-01
1.603358642400000099e+04  -8.769900000002053275e-01
1.603358642400000099e+04  -1.036163000000669854e+00
1.603358642400000099e+04  -3.782719999999244465e-01
1.603358642400000099e+04  -6.630810000006022165e-01
1.619027620699999898e+04  -1.434714999999414431e+00
1.619027620699999898e+04  -1.551987999999255408e+00
1.619027620699999898e+04  -1.310741000001144130e+00
1.619027620699999898e+04  -1.291661000000203785e+00
1.619027620699999898e+04  -5.060669999984384049e-01
1.619027620699999898e+04  -5.938949999981559813e-01
1.619027620699999898e+04  -2.507950000000391810e-01
1.619027620699999898e+04  -1.312374000001000240e+00
1.619027620699999898e+04  -1.134853000000475731e+00
1.619027620699999898e+04  -1.311610000000655418e+00
1.619027620699999898e+04  -1.622413999999480438e+00
1.619027620699999898e+04  -4.504479999995965045e-01
1.619027620699999898e+04  -8.763539999999920838e-01
1.630572865699999966e+04  5.633799999986877083e-02
1.663193777599999885e+04  -7.916649999997389386e-01
1.663193777599999885e+04  -6.396000000004278263e-01
1.663193777599999885e+04  -6.978739999995013932e-01
1.663193777599999885e+04  -4.806799999987561023e-01
1.663193777599999885e+04  -4.035229999999501160e-01
1.663193777599999885e+04  -7.824060000002646120e-01
1.663193777599999885e+04  -5.236250000000381988e-01
1.664885526300000129e+04  -1.542741000000205531e+00
1.664885526300000129e+04  -7.330499999989115167e-01
1.664885526300000129e+04  -1.499180999999225605e+00
1.664885526300000129e+04  -3.314850000000433283e-01
1.664885526300000129e+04  -6.612869999971735524e-01
1.664885526300000129e+04  -1.494475000001330045e+00
1.664885526300000129e+04  -8.923180000006141199e-01
1.664885526300000129e+04  -1.412150000000110595e+00
1.664885526300000129e+04  -1.206209000000399101e+00
1.664885526300000129e+04  -1.499135999998543411e+00
1.664885526300000129e+04  -1.779652000001078704e+00
1.664885526300000129e+04  -8.365819999999075662e-01
1.664885526300000129e+04  -1.686781000000337372e+00
1.690363392599999861e+04  -1.011994000000413507e+00
1.690363392599999861e+04  -1.298769999997603009e+00
1.690363392599999861e+04  -6.693879999997989216e-01
1.690363392599999861e+04  -8.539130000008299248e-01
1.690363392599999861e+04  -7.101480000001174631e-01
1.690363392599999861e+04  -1.269965000000411237e+00
1.690363392599999861e+04  -1.258719999999811989e+00
1.690363392599999861e+04  -5.021779999999580468e-01
1.690363392599999861e+04  -1.012553999999909138e+00
1.690363392599999861e+04  -1.204080000000431028e+00
1.693667631299999994e+04  -4.445719999998800631e-01
1.693667631299999994e+04  -2.293520000002899906e-01
1.693667631299999994e+04  -5.009100000000898945e-01
1.693667631299999994e+04  -3.209710000000995933e-01
1.718954509300000063e+04  -1.854302000001553097e+00
1.718954509300000063e+04  -1.731961000001319917e+00
1.718954509300000063e+04  -1.971574999999575084e+00
1.718954509300000063e+04  -9.239800000002560409e-01
1.718954509300000063e+04  -1.013481999998475658e+00
1.718954509300000063e+04  -4.195870000000923028e-01
1.718954509300000063e+04  -1.680522999999993772e+00
1.718954509300000063e+04  -1.554440000000795408e+00
1.718954509300000063e+04  -1.720572000000174739e+00
1.718954509300000063e+04  -9.256539999987580813e-01
1.718954509300000063e+04  -1.730329000001802342e+00
1.718954509300000063e+04  -1.131950000000870205e+00
1.718954509300000063e+04  -1.295940999999857013e+00
1.775124222500000178e+04  5.505000000084692147e-03
1.777134290200000032e+04  -8.159169999998994172e-01
1.777134290200000032e+04  -1.008001000000149361e+00
1.777134290200000032e+04  -9.701149999991685036e-01
1.777134290200000032e+04  -1.093667000000095868e+00
1.777134290200000032e+04  -4.733100000003105379e-01
1.777134290200000032e+04  -6.491390000001047156e-01
1.777134290200000032e+04  -8.785079999997833511e-01
1.780758751100000154e+04  -1.986966000000393251e+00
1.780758751100000154e+04  -1.845298999999613443e+00
1.780758751100000154e+04  -2.004471999998713727e+00
1.780758751100000154e+04  -9.683090000000902364e-01
1.780758751100000154e+04  -5.099969999998847925e-01
1.780758751100000154e+04  -2.009178000000247266e+00
1.780758751100000154e+04  -1.243046999999933178e+00
1.780758751100000154e+04  -1.402315000000271539e+00
1.780758751100000154e+04  -2.052737999999408203e+00
1.780758751100000154e+04  -1.716206000000056520e+00
1.780758751100000154e+04  -1.346578999999110238e+00
1.780758751100000154e+04  -2.196777999999540043e+00
1.780758751100000154e+04  -1.478675000000293949e+00
1.783303141800000230e+04  -7.604810000000270520e-01
1.783303141800000230e+04  -1.400080999999772757e+00
1.783303141800000230e+04  -1.458354000000326778e+00
1.783303141800000230e+04  -1.088447000000087428e+00
1.783303141800000230e+04  -1.596738000000186730e+00
1.783303141800000230e+04  -1.552144999999654829e+00
1.783303141800000230e+04  -1.164003000000320753e+00
1.783303141800000230e+04  -1.241160999999920023e+00
1.783303141800000230e+04  -1.455070999999406922e+00
1.783303141800000230e+04  -5.780799999995451799e-01
1.825367176299999846e+04  -5.550089999996998813e-01
1.825367176299999846e+04  -2.961999999997715349e-01
1.825367176299999846e+04  -6.557310000000597938e-01
1.825367176299999846e+04  -6.502249999998639396e-01
1.849012676100000317e+04  -2.668174000000362867e+00
1.849012676100000317e+04  -1.627307000000200787e+00
1.849012676100000317e+04  -1.826962000002822606e+00
1.849012676100000317e+04  -2.688123000001723995e+00
1.849012676100000317e+04  -2.998926999998730025e+00
1.849777739400000064e+04  -2.328664999999091378e+00
1.849777739400000064e+04  -1.522317000000384724e+00
1.849777739400000064e+04  -1.611818999999741209e+00
1.849777739400000064e+04  -1.730287000002135755e+00
1.849777739400000064e+04  -2.452638000002480112e+00
1.849777739400000064e+04  -2.290103999999701045e+00
1.849777739400000064e+04  -2.318908999997802312e+00
1.849777739400000064e+04  -1.020138999999971929e+00
1.849777739400000064e+04  -5.983370000001286826e-01
1.849777739400000064e+04  -2.278858999999101798e+00
1.849777739400000064e+04  -1.874051000000690692e+00
1.849777739400000064e+04  -1.894278000000667816e+00
1.849777739400000064e+04  -2.032691999999769905e+00
1.857985706800000116e+04  -1.571267999999690801e+00
1.857985706800000116e+04  -1.861508000001776963e+00
1.857985706800000116e+04  -3.068911999998817919e+00
1.857985706800000116e+04  -1.901071000003867084e+00
1.857985706800000116e+04  -1.748923999999533407e+00
1.857985706800000116e+04  -3.019433999998000218e+00
1.857985706800000116e+04  -2.738051000002087676e+00
1.857985706800000116e+04  -2.651932000000670087e+00
1.857985706800000116e+04  -2.738919999999779975e+00
1.857985706800000116e+04  -2.762676999999712280e+00
1.875839454399999886e+04  -3.145084000001588720e+00
1.875839454399999886e+04  -1.522669999999834545e+00
1.875839454399999886e+04  -1.949466000001848442e+00
1.875839454399999886e+04  -2.880643999998937943e+00
1.875839454399999886e+04  -2.028738999997585779e+00
1.875839454399999886e+04  -2.814331999999922118e+00
1.875839454399999886e+04  -2.833655999998882180e+00
1.875839454399999886e+04  -1.973118999998405343e+00
1.875839454399999886e+04  -2.834280000000944710e+00
1.875839454399999886e+04  -1.773464999999760039e+00
1.875839454399999886e+04  -1.461580000000139989e-01
1.875839454399999886e+04  -3.074657999999544700e+00
1.875839454399999886e+04  -1.880973000000267348e+00
1.875839454399999886e+04  -3.174522999999680906e+00
1.875839454399999886e+04  -2.657525000000532600e+00
1.875839454399999886e+04  -2.835043999999470543e+00
1.881565412400000059e+04  -8.583979999998518906e-01
1.881565412400000059e+04  -1.674874999999701686e+00
1.881565412400000059e+04  -1.932285999999294290e+00
1.881565412400000059e+04  -1.828513000001294131e+00
1.881565412400000059e+04  -1.516233999998803483e+00
1.881565412400000059e+04  -1.674313999999867519e+00
1.881565412400000059e+04  -1.866399999999885040e+00
1.881565412400000059e+04  -1.736906000000089989e+00
1.881565412400000059e+04  -1.331709000000046217e+00
1.881565412400000059e+04  -6.623200000001361332e-01
1.894959573300000193e+04  -5.537490000001525914e-01
1.894959573300000193e+04  -1.077374999999847205e+00
1.894959573300000193e+04  -7.811599999998861676e-01
1.894959573300000193e+04  -1.193349000001035165e+00
1.894959573300000193e+04  -1.336154999999962456e+00
1.894959573300000193e+04  -1.251623999999537773e+00
1.894959573300000193e+04  -1.431322999999792955e+00
1.902391572499999893e+04  -2.208181000001786742e+00
1.902391572499999893e+04  -2.974267999999938183e+00
1.902391572499999893e+04  -2.998024999999870488e+00
1.902391572499999893e+04  -2.887279999999918800e+00
1.902391572499999893e+04  -1.984272000000601111e+00
1.902391572499999893e+04  -1.806615999999849009e+00
1.902391572499999893e+04  -3.254782000001796405e+00
1.902391572499999893e+04  -2.353479999999308347e-01
1.902391572499999893e+04  -2.096856000000116182e+00
1.902391572499999893e+04  -2.974313000000620377e+00
1.902391572499999893e+04  -3.304260000000795117e+00
1.902391572499999893e+04  -3.161911999999574618e+00
1.902391572499999893e+04  -2.681340000001000590e+00
1.902391572499999893e+04  -2.136418999998568324e+00
1.902391572499999893e+04  -1.475131000000146742e+00
1.902391572499999893e+04  -2.973399000000426895e+00
1.921385123000000021e+04  -5.885299999999915599e-02
1.925457172999999966e+04  -1.654567999999926542e+00
1.925457172999999966e+04  -2.032838999999512453e+00
1.925457172999999966e+04  -2.317648000000190223e+00
1.925457172999999966e+04  -2.673224999998637941e+00
1.925457172999999966e+04  -2.628633000000263564e+00
1.925457172999999966e+04  -2.738997000000381377e+00
1.925457172999999966e+04  -2.240490000000136206e+00
1.925457172999999966e+04  -2.088574000000335218e+00
1.925457172999999966e+04  -6.862590000000636792e-01
1.925457172999999966e+04  -2.531558000000586617e+00
1.925457172999999966e+04  -2.690730999998777406e+00
1.925457172999999966e+04  -1.076487000000042826e+00
1.925457172999999966e+04  -2.164934999998877174e+00
1.937374897799999962e+04  -2.988025999999990745e+00
1.937374897799999962e+04  -1.433584999999766296e+00
1.937374897799999962e+04  -3.163914999999178690e+00
1.937374897799999962e+04  -3.164781999998012907e+00
1.937374897799999962e+04  -2.447069000001647510e+00
1.937374897799999962e+04  -3.144832999999380263e+00
1.937374897799999962e+04  -3.165546000000176718e+00
1.937374897799999962e+04  -2.103967000000466214e+00
1.937374897799999962e+04  -2.303621000002749497e+00
1.937374897799999962e+04  -1.853172000000085973e+00
1.937374897799999962e+04  -3.405160000000250875e+00
1.937374897799999962e+04  -3.305020000000240543e-01
1.937374897799999962e+04  -3.475586999998995452e+00
1.937374897799999962e+04  -3.287887000000409898e+00
1.937374897799999962e+04  -2.359240999998291954e+00
1.937374897799999962e+04  -2.729527000000416592e+00
1.959557929399999921e+04  -8.182439999999928659e-01
1.959557929399999921e+04  -3.761880000001838198e-01
1.959557929399999921e+04  -8.207599999996091356e-01
1.959557929399999921e+04  -8.770970000000488653e-01
1.980445995200000107e+04  -3.416674999998576823e+00
1.980445995200000107e+04  -1.412204000000201631e+00
1.980445995200000107e+04  -2.814519000000473170e+00
1.980445995200000107e+04  -3.464942000000519329e+00
1.980445995200000107e+04  -2.583487999996577855e+00
1.980445995200000107e+04  -3.701852000001963461e+00
1.980445995200000107e+04  -2.758784000001469394e+00
1.980445995200000107e+04  -3.421338000000105239e+00
1.980445995200000107e+04  -4.470699999999396823e-01
1.980445995200000107e+04  -3.608983000000080210e+00
1.980445995200000107e+04  -2.253686000000016065e+00
1.980445995200000107e+04  -3.128410999999687192e+00
1.980445995200000107e+04  -2.655251000000134809e+00
1.980445995200000107e+04  -3.334350000000085856e+00
1.980445995200000107e+04  -1.922201000000313797e+00
1.980445995200000107e+04  -3.421381999998629908e+00
1.984540166599999793e+04  -2.298159000000850938e+00
1.984540166599999793e+04  -1.919275000000197906e+00
1.984540166599999793e+04  -7.552720000003319001e-01
1.984540166599999793e+04  -2.213625999999749183e+00
1.984540166599999793e+04  -2.039377000000058615e+00
1.984540166599999793e+04  -1.515753000000131578e+00
1.984540166599999793e+04  -2.307416999999986729e+00
1.984540166599999793e+04  -1.996432999998432933e+00
1.984540166599999793e+04  -9.620039999999789870e-01
1.984540166599999793e+04  -2.155353000000104657e+00
2.007219368499999837e+04  -3.058772999998836895e+00
2.007219368499999837e+04  -1.137732999999798267e+00
2.007219368499999837e+04  -3.098823999998785439e+00
2.007219368499999837e+04  -3.004131999999117397e+00
2.007219368499999837e+04  -2.812046999999438412e+00
2.007219368499999837e+04  -2.653965999999854830e+00
2.007219368499999837e+04  -3.070019000000684173e+00
2.007219368499999837e+04  -2.812608000000182074e+00
2.007219368499999837e+04  -1.800054000000272936e+00
2.007219368499999837e+04  -2.510202000001299893e+00
2.007219368499999837e+04  -2.302232000000003609e+00
2.007219368499999837e+04  -2.469441000000188069e+00
2.007219368499999837e+04  -7.799150000000736327e-01
2.016083675900000162e+04  -1.616136999999071122e+00
2.016083675900000162e+04  -6.460220000003573659e-01
2.016083675900000162e+04  -1.524529999999685970e+00
2.016083675900000162e+04  -9.189629999999624488e-01
2.016083675900000162e+04  -1.795980999999756023e+00
2.016083675900000162e+04  -1.295161000000007334e+00
2.016083675900000162e+04  -1.739688999999998487e+00
2.031196192299999893e+04  -2.018438999999943917e+00
2.031196192299999893e+04  -1.420102999999926396e+00
2.031196192299999893e+04  -2.942418999999972584e+00
2.031196192299999893e+04  -3.739011000001482898e+00
2.031196192299999893e+04  -3.748767999997653533e+00
2.031196192299999893e+04  -3.150389000002178364e+00
2.031196192299999893e+04  -3.750399999998990097e+00
2.031196192299999893e+04  -3.698962000000392436e+00
2.031196192299999893e+04  -2.944094000002223765e+00
2.031196192299999893e+04  -3.314379999999800930e+00
2.031196192299999893e+04  -3.990014000000883243e+00
2.031196192299999893e+04  -3.572879000000284577e+00
2.031196192299999893e+04  -5.848540000001776207e-01
2.031196192299999893e+04  -2.438025999999808846e+00
2.031196192299999893e+04  -3.872740999999223277e+00
2.031196192299999893e+04  -3.031922000001941342e+00
2.068868352500000037e+04  -1.384410000000571017e-01
2.089163130300000194e+04  -4.189013999999588123e+00
2.089163130300000194e+04  -7.240719999999782885e-01
2.089163130300000194e+04  -3.852482999999665481e+00
2.089163130300000194e+04  -4.333054999999149004e+00
2.089163130300000194e+04  -3.981574999999793363e+00
2.089163130300000194e+04  -4.145454000001336681e+00
2.089163130300000194e+04  -3.104584000000613742e+00
2.089163130300000194e+04  -3.379323000004660571e+00
2.089163130300000194e+04  -1.450016000000005079e+00
2.089163130300000194e+04  -3.614952000001721899e+00
2.089163130300000194e+04  -4.123242000001482666e+00
2.089163130300000194e+04  -2.646272999999382591e+00
2.089163130300000194e+04  -4.140747999999803142e+00
2.089163130300000194e+04  -3.482855999998719199e+00
2.089163130300000194e+04  -3.538591999998971005e+00
2.089163130300000194e+04  -2.136276000000179920e+00
2.091625390399999742e+04  -2.809789999999338761e+00
2.091625390399999742e+04  -2.724125000000640284e+00
2.091625390399999742e+04  -2.365264000000024680e+00
2.091625390399999742e+04  -2.686237999998411397e+00
2.091625390399999742e+04  -2.594631000000845233e+00
2.091625390399999742e+04  -2.189434000000801461e+00
2.091625390399999742e+04  -8.577249999998457497e-01
2.091625390399999742e+04  -1.070101000000022395e+00
2.091625390399999742e+04  -1.716124000000490923e+00
2.091625390399999742e+04  -2.532040000000051805e+00
2.094472860800000126e+04  -3.512155999998867628e+00
2.094472860800000126e+04  -2.538090999999440101e+00
2.094472860800000126e+04  -1.204739000000245142e+00
2.094472860800000126e+04  -3.415082000001348206e+00
2.094472860800000126e+04  -3.124012999999649765e+00
2.094472860800000126e+04  -2.720492000000376720e+00
2.094472860800000126e+04  -3.201171000000613276e+00
2.094472860800000126e+04  -3.556747999999060994e+00
2.094472860800000126e+04  -3.048458000001119217e+00
2.094472860800000126e+04  -1.960010999999667547e+00
2.094472860800000126e+04  -3.418364999998630083e+00
2.094472860800000126e+04  -8.835239999998520943e-01
2.094472860800000126e+04  -3.360090999998647021e+00
2.095709611500000028e+04  -1.120995000000220898e+00
2.095709611500000028e+04  -4.707699999999022111e-01
2.095709611500000028e+04  -1.126501000000189379e+00
2.095709611500000028e+04  -9.880600000000185901e-01
2.139940679300000193e+04  -1.061636999999961972e+00
2.139940679300000193e+04  -1.532413999999789667e+00
2.139940679300000193e+04  -2.188039999999546126e+00
2.139940679300000193e+04  -2.087408999999752268e+00
2.139940679300000193e+04  -2.182576999999582767e+00
2.139940679300000193e+04  -1.828628999999637017e+00
2.139940679300000193e+04  -7.512540000002445595e-01
2.150155281499999910e+04  -5.112037000002601417e+00
2.150155281499999910e+04  -5.092088999999759835e+00
2.150155281499999910e+04  -4.250874999997904524e+00
2.150155281499999910e+04  -2.277756999999837717e+00
2.150155281499999910e+04  -5.422840999999607448e+00
2.150155281499999910e+04  -4.051222000000052503e+00
2.153841148700000122e+04  -3.994309000001521781e+00
2.153841148700000122e+04  -4.138075000000753789e+00
2.153841148700000122e+04  -3.284160999999585329e+00
2.153841148700000122e+04  -2.862359000000651577e+00
2.153841148700000122e+04  -8.439200000000255386e-01
2.153841148700000122e+04  -1.484106999999994514e+00
2.153841148700000122e+04  -4.296715000000403961e+00
2.153841148700000122e+04  -2.264021999999840773e+00
2.153841148700000122e+04  -4.158300000000053842e+00
2.153841148700000122e+04  -4.582931999999345862e+00
2.153841148700000122e+04  -3.875841999997646781e+00
2.153841148700000122e+04  -3.786339000000225496e+00
2.153841148700000122e+04  -4.542880999999397318e+00
2.153841148700000122e+04  -4.592687999998815940e+00
2.153841148700000122e+04  -4.716660999998566695e+00
2.153841148700000122e+04  -4.554127000001244596e+00
2.158553533000000243e+04  -5.173087999999552267e+00
2.158553533000000243e+04  -5.197712999999566819e+00
2.158553533000000243e+04  -4.006304999999883876e+00
2.158553533000000243e+04  -4.296543999997084029e+00
2.158553533000000243e+04  -5.454470999999102787e+00
2.158553533000000243e+04  -2.199688000000151078e+00
2.158553533000000243e+04  -2.435036000000309286e+00
2.158553533000000243e+04  -5.503948999999920488e+00
2.158553533000000243e+04  -4.336106999999174150e+00
2.158553533000000243e+04  -4.183960000000297441e+00
2.158553533000000243e+04  -5.173956000002362998e+00
2.158553533000000243e+04  -5.086968999998134677e+00
2.175261128100000133e+04  -5.521319999999832362e+00
2.175261128100000133e+04  -5.280319000001327367e+00
2.175261128100000133e+04  -2.446661999999832915e+00
2.175261128100000133e+04  -2.592819999999846914e+00
2.175261128100000133e+04  -4.475400999999692431e+00
2.175261128100000133e+04  -4.220127000000502449e+00
2.175261128100000133e+04  -5.280943000001570908e+00
2.175261128100000133e+04  -5.104186999999001273e+00
2.175261128100000133e+04  -5.327305999999225605e+00
2.175261128100000133e+04  -2.116160999999920023e+00
2.175261128100000133e+04  -5.281705999997939216e+00
2.175261128100000133e+04  -1.689049999999951979e-01
2.175261128100000133e+04  -4.396128000000317115e+00
2.175261128100000133e+04  -5.260993999998390791e+00
2.175261128100000133e+04  -4.327634999999645515e+00
2.175261128100000133e+04  -4.419782000000850530e+00
2.175261128100000133e+04  -3.969332999999096501e+00
2.175261128100000133e+04  -5.621185999998488114e+00
2.175261128100000133e+04  -5.591748000000734464e+00
2.186620586499999990e+04  -2.133988999999928637e+00
2.186620586499999990e+04  -3.465697000000545813e+00
2.186620586499999990e+04  -3.962502000000313274e+00
2.186620586499999990e+04  -4.000389000000723172e+00
2.186620586499999990e+04  -3.650223000002370100e+00
2.186620586499999990e+04  -2.992387000000235275e+00
2.186620586499999990e+04  -9.962570000000141590e-01
2.186620586499999990e+04  -1.276263999999969201e+00
2.186620586499999990e+04  -4.066275000001041917e+00
2.186620586499999990e+04  -3.808863000000201282e+00
2.186620586499999990e+04  -3.870895999999447668e+00
2.186620586499999990e+04  -2.796308999999382650e+00
2.186620586499999990e+04  -3.808304000000134693e+00
2.200100949000000037e+04  -4.436593999999786320e+00
2.200100949000000037e+04  -4.588740000002871966e+00
2.200100949000000037e+04  -5.339603000000352040e+00
2.200100949000000037e+04  -5.425721999999950640e+00
2.200100949000000037e+04  -5.450346999999965192e+00
2.200100949000000037e+04  -5.426590000002761371e+00
2.200100949000000037e+04  -5.756582999998499872e+00
2.200100949000000037e+04  -2.687670000000252912e+00
2.200100949000000037e+04  -5.707104999999501160e+00
2.200100949000000037e+04  -2.452322000000094704e+00
2.200100949000000037e+04  -4.549178000001120381e+00
2.200100949000000037e+04  -4.258937999999034218e+00
2.200100949000000037e+04  -5.614234999999098363e+00
2.200100949000000037e+04  -2.526340000000573127e-01
2.200100949000000037e+04  -5.133663000000524335e+00
2.200100949000000037e+04  -5.426634000001286040e+00
2.200100949000000037e+04  -2.005251999999927648e+00
2.200100949000000037e+04  -4.660502999999152962e+00
2.200100949000000037e+04  -3.927452999999331951e+00
2.202231261599999925e+04  -2.713770999999724154e+00
2.202231261599999925e+04  -9.706070000002000597e-01
2.202231261599999925e+04  -1.932611000000633794e+00
2.202231261599999925e+04  -3.009984999999687716e+00
2.202231261599999925e+04  -3.125960999999733758e+00
2.202231261599999925e+04  -2.486360000000786385e+00
2.202231261599999925e+04  -1.181355999999937012e+00
2.202231261599999925e+04  -3.268766000001050998e+00
2.202231261599999925e+04  -3.184235000000626314e+00
2.202231261599999925e+04  -3.363933999999062507e+00
2.217112980600000083e+04  -2.351029999995262187e-01
2.224690524000000005e+04  -3.471191999999973632e+00
2.224690524000000005e+04  -1.511182000000189873e+00
2.224690524000000005e+04  -4.712353999999322696e+00
2.224690524000000005e+04  -4.635194999999839638e+00
2.224690524000000005e+04  -4.559639999999490101e+00
2.224690524000000005e+04  -5.067929999999250867e+00
2.224690524000000005e+04  -9.446880000000419386e-01
2.224690524000000005e+04  -4.427543999998306390e+00
2.224690524000000005e+04  -3.080964999999196152e+00
2.224690524000000005e+04  -5.023337999999057502e+00
2.224690524000000005e+04  -4.926262999999380554e+00
2.224690524000000005e+04  -5.085436999999728869e+00
2.224690524000000005e+04  -2.394706000000041968e+00
2.224690524000000005e+04  -4.483279999999467691e+00
2.224690524000000005e+04  -5.133702999999513850e+00
2.224690524000000005e+04  -4.049273000000539469e+00
2.232811238500000036e+04  -5.608847999999852618e+00
2.232811238500000036e+04  -4.767636000004131347e+00
2.232811238500000036e+04  -4.823253999998996733e+00
2.232811238500000036e+04  -5.869174999999813735e+00
2.232811238500000036e+04  -1.879160999999839987e+00
2.232811238500000036e+04  -3.897600000000238651e+00
2.232811238500000036e+04  -4.567981000000145286e+00
2.232811238500000036e+04  -5.627927999999883468e+00
2.232811238500000036e+04  -5.452041000000463100e+00
2.232811238500000036e+04  -4.317186999999648833e+00
2.232811238500000036e+04  -3.478539999999838983e-01
2.232811238500000036e+04  -5.628796999997575767e+00
2.232811238500000036e+04  -5.193541000000550412e+00
2.232811238500000036e+04  -5.629561000001558568e+00
2.232811238500000036e+04  -5.939601000001857756e+00
2.232811238500000036e+04  -2.464015000000017608e+00
2.232811238500000036e+04  -2.794516000000385247e+00
2.232811238500000036e+04  -4.911081999998714309e+00
2.232811238500000036e+04  -5.751901999999972759e+00
2.233316541100000177e+04  -1.399687000000085391e+00
2.233316541100000177e+04  -1.458539999999629799e+00
2.233316541100000177e+04  -5.814430000000356813e-01
2.233316541100000177e+04  -1.164583999999990738e+00
2.265985735800000111e+04  -2.165665999999873748e+00
2.265985735800000111e+04  -2.607590999999956694e+00
2.265985735800000111e+04  -1.789466999999604013e+00
2.265985735800000111e+04  -1.208023000000025604e+00
2.265985735800000111e+04  -8.705049999998664134e-01
2.265985735800000111e+04  -2.666484000000309607e+00
2.265985735800000111e+04  -2.610194000000774395e+00
2.273054213600000003e+04  -5.973287000000709668e+00
2.273054213600000003e+04  -5.267127999999502208e+00
2.273054213600000003e+04  -5.091832999998587184e+00
2.273054213600000003e+04  -5.322864000001573004e+00
2.273054213600000003e+04  -2.955414999999902648e+00
2.273054213600000003e+04  -6.210198000000673346e+00
2.273054213600000003e+04  -6.117326999999932013e+00
2.273054213600000003e+04  -3.920548999999482476e+00
2.273054213600000003e+04  -5.842695999999705236e+00
2.273054213600000003e+04  -5.636754999999538995e+00
2.273054213600000003e+04  -5.163595999998506159e+00
2.273054213600000003e+04  -4.430545999999594642e+00
2.273054213600000003e+04  -5.925020000002405141e+00
2.273054213600000003e+04  -2.508345000000190339e+00
2.273054213600000003e+04  -4.762030999998387415e+00
2.273054213600000003e+04  -5.929726999998820247e+00
2.273054213600000003e+04  -5.030930000000353175e-01
2.273054213600000003e+04  -5.929682999998476589e+00
2.273054213600000003e+04  -1.784272999999984677e+00
2.283066270799999984e+04  -3.282339999999749125e+00
2.283066270799999984e+04  -4.618495000000621076e+00
2.283066270799999984e+04  -4.316769999997632112e+00
2.283066270799999984e+04  -1.115598000000090906e+00
2.283066270799999984e+04  -3.836089999999785505e+00
2.283066270799999984e+04  -3.075608000000102038e+00
2.283066270799999984e+04  -4.239610999999058549e+00
2.283066270799999984e+04  -2.320336000000224885e+00
2.283066270799999984e+04  -1.349729000000024826e+00
2.283066270799999984e+04  -4.475688999998965301e+00
2.283066270799999984e+04  -4.359714999998686835e+00
2.283066270799999984e+04  -4.627754000001004897e+00
2.283066270799999984e+04  -4.533962999999857857e+00
2.301146764999999868e+04  -5.343354000000545057e+00
2.301146764999999868e+04  -5.600764999999228166e+00
2.301146764999999868e+04  -5.000187999999070598e+00
2.301146764999999868e+04  -5.534878999998909421e+00
2.301146764999999868e+04  -1.046639000000141095e+00
2.301146764999999868e+04  -5.342793999998320942e+00
2.301146764999999868e+04  -5.589520999998057960e+00
2.301146764999999868e+04  -4.330799999999726424e+00
2.301146764999999868e+04  -5.040947999998024898e+00
2.301146764999999868e+04  -5.629570000002786401e+00
2.301146764999999868e+04  -1.534490999999889027e+00
2.301146764999999868e+04  -2.530745999999908236e+00
2.301146764999999868e+04  -4.832977999999457097e+00
2.301146764999999868e+04  -3.310661000000436616e+00
2.301146764999999868e+04  -5.184712999998737359e+00
2.301146764999999868e+04  -3.668480000000272412e+00
2.315782961599999908e+04  -1.094495999999708147e+00
2.315782961599999908e+04  -3.960578000000168686e+00
2.315782961599999908e+04  -2.810620000001108565e+00
2.315782961599999908e+04  -3.904287000001204433e+00
2.315782961599999908e+04  -3.459758999999394291e+00
2.315782961599999908e+04  -3.083560999999917840e+00
2.315782961599999908e+04  -3.780733999999938533e+00
2.315782961599999908e+04  -1.294093999999972766e+00
2.315782961599999908e+04  -2.164596999999503169e+00
2.315782961599999908e+04  -3.689127000001462875e+00
2.320429053500000009e+04  -7.236800000000584987e-01
2.320429053500000009e+04  -2.602840999999898486e+00
2.320429053500000009e+04  -1.758921999999984109e+00
2.320429053500000009e+04  -4.022944000000279630e+00
2.320429053500000009e+04  -6.353241999997408129e+00
2.320429053500000009e+04  -5.545260999999300111e+00
2.320429053500000009e+04  -6.175720999999612104e+00
2.320429053500000009e+04  -5.040867999999136373e+00
2.320429053500000009e+04  -4.621280999999726191e+00
2.320429053500000009e+04  -5.634764000002178364e+00
2.320429053500000009e+04  -6.341852999999900931e+00
2.320429053500000009e+04  -6.592854999997143750e+00
2.320429053500000009e+04  -6.351610000001528533e+00
2.320429053500000009e+04  -5.753230999998777406e+00
2.320429053500000009e+04  -5.917222000000037951e+00
2.320429053500000009e+04  -6.301802999998471932e+00
2.320429053500000009e+04  -5.546935999998822808e+00
2.320429053500000009e+04  -6.475582000000940752e+00
2.320429053500000009e+04  -3.187695000000530854e+00
2.365682682800000111e+04  -3.508559999995668477e-01
2.371896625099999801e+04  -7.097250000001622539e-01
2.371896625099999801e+04  -1.697785999999723572e+00
2.371896625099999801e+04  -1.836226000000351632e+00
2.371896625099999801e+04  -1.346930000000000405e+00
2.374485076299999855e+04  -6.217439999996713595e+00
2.374485076299999855e+04  -6.273176000000603381e+00
2.374485076299999855e+04  -6.923597999999401509e+00
2.374485076299999855e+04  -4.184602000000268163e+00
2.374485076299999855e+04  -6.875331999995978549e+00
2.374485076299999855e+04  -9.503120000001672452e-01
2.374485076299999855e+04  -3.458657000000130211e+00
2.374485076299999855e+04  -6.349535999997897306e+00
2.374485076299999855e+04  -6.857827000001634588e+00
2.374485076299999855e+04  -4.870860999999422347e+00
2.374485076299999855e+04  -5.380857999999534513e+00
2.374485076299999855e+04  -2.734585000000151922e+00
2.374485076299999855e+04  -6.587066999998569372e+00
2.374485076299999855e+04  -7.067638999997143401e+00
2.374485076299999855e+04  -6.880038999999669613e+00
2.374485076299999855e+04  -6.113907999995717546e+00
2.374485076299999855e+04  -5.839168999999856169e+00
2.374485076299999855e+04  -1.789896999999882610e+00
2.374485076299999855e+04  -6.716160000001764274e+00
2.382630219399999987e+04  -1.561403000000154861e+00
2.382630219399999987e+04  -5.725460000001476146e+00
2.382630219399999987e+04  -6.092082000001028064e+00
2.382630219399999987e+04  -1.165819000000283268e+00
2.382630219399999987e+04  -3.881738999999924999e+00
2.382630219399999987e+04  -3.560524000000441447e+00
2.382630219399999987e+04  -6.233749000000898377e+00
2.382630219399999987e+04  -5.397491999998237588e+00
2.382630219399999987e+04  -5.878173000000970205e+00
2.382630219399999987e+04  -6.189157000000705011e+00
2.382630219399999987e+04  -5.801015000000916189e+00
2.382630219399999987e+04  -4.637010999999802152e+00
2.382630219399999987e+04  -2.677001000000018394e+00
2.382630219399999987e+04  -6.095365999999557971e+00
2.382630219399999987e+04  -6.037092000000484404e+00
2.382630219399999987e+04  -5.215091999999458494e+00
2.383219201899999825e+04  -2.517495000000053551e+00
2.383219201899999825e+04  -5.112125999999989290e+00
2.383219201899999825e+04  -5.327285999999730848e+00
2.383219201899999825e+04  -4.882759000000078231e+00
2.383219201899999825e+04  -3.587595999999848573e+00
2.383219201899999825e+04  -1.422999000000004344e+00
2.383219201899999825e+04  -4.233619000000544474e+00
2.383219201899999825e+04  -1.241231000000198037e+00
2.383219201899999825e+04  -3.375219999999899301e+00
2.383219201899999825e+04  -5.203732999998464948e+00
2.383219201899999825e+04  -4.706928999999945518e+00
2.383219201899999825e+04  -5.049535000001924345e+00
2.383219201899999825e+04  -5.241620000000693835e+00
2.393695110600000044e+04  -2.066346000000066851e+00
2.393695110600000044e+04  -3.187286000000312924e+00
2.393695110600000044e+04  -1.356624000000010710e+00
2.393695110600000044e+04  -2.537122999999155581e+00
2.393695110600000044e+04  -3.054271999999855325e+00
2.393695110600000044e+04  -3.192747000000053959e+00
2.393695110600000044e+04  -1.004708000000391621e+00
2.428073906699999861e+04  -8.372478999997838400e+00
2.428073906699999861e+04  -8.061673999996855855e+00
2.428073906699999861e+04  -8.041725000000951695e+00
2.428073906699999861e+04  -7.000859000001582899e+00
2.428073906699999861e+04  -5.227394000000458618e+00
2.428073906699999861e+04  -2.780731000000287167e+00
2.428073906699999861e+04  -7.200512999999773456e+00
2.431722198800000115e+04  -3.162236000000120839e+00
2.431722198800000115e+04  -1.229624000000058004e+00
2.431722198800000115e+04  -3.472618000000238681e+00
2.431722198800000115e+04  -2.410980999999992491e+00
2.431722198800000115e+04  -3.943395999999665946e+00
2.431722198800000115e+04  -4.498390000000654254e+00
2.431722198800000115e+04  -4.239609999998720014e+00
2.431722198800000115e+04  -4.599020999999993364e+00
2.431722198800000115e+04  -4.593559000000823289e+00
2.431722198800000115e+04  -1.406273999999939406e+00
2.434730766100000255e+04  -7.005896999999094987e+00
2.434730766100000255e+04  -7.421949000001404784e+00
2.434730766100000255e+04  -2.867823000000043976e+00
2.434730766100000255e+04  -7.164537999999083695e+00
2.434730766100000255e+04  -5.131844999999884749e+00
2.434730766100000255e+04  -6.654161999998905230e+00
2.434730766100000255e+04  -3.711742999999842141e+00
2.434730766100000255e+04  -7.450753999999506050e+00
2.434730766100000255e+04  -6.862132000002020504e+00
2.434730766100000255e+04  -6.151984000000993547e+00
2.434730766100000255e+04  -5.730181999999331310e+00
2.434730766100000255e+04  -7.410703999999896041e+00
2.434730766100000255e+04  -1.108900999999832493e+00
2.434730766100000255e+04  -7.026123000001462060e+00
2.434730766100000255e+04  -4.351930000000720611e+00
2.434730766100000255e+04  -6.743664000001444947e+00
2.434730766100000255e+04  -7.460509999997157138e+00
2.434730766100000255e+04  -7.584483000000545871e+00
2.434730766100000255e+04  -1.821183999999902881e+00
2.435883215900000141e+04  -6.959339999999428983e+00
2.435883215900000141e+04  -7.136995000000752043e+00
2.435883215900000141e+04  -8.150750000000698492e+00
2.435883215900000141e+04  -5.388072000000647677e+00
2.435883215900000141e+04  -8.407507000003533904e+00
2.435883215900000141e+04  -7.249579999999696156e+00
2.435883215900000141e+04  -8.456984999998894637e+00
2.435883215900000141e+04  -7.289142000001447741e+00
2.435883215900000141e+04  -8.126991000000998611e+00
2.435883215900000141e+04  -8.040004999998927815e+00
2.435883215900000141e+04  -2.953035999999883643e+00
2.435883215900000141e+04  -5.152724999999918509e+00
2.435883215900000141e+04  -8.126124000002164394e+00
2.435883215900000141e+04  -2.700401999999940017e+00
2.451417488799999774e+04  -1.524399999999843658e-01
2.451417488799999774e+04  -7.260807000000568223e+00
2.451417488799999774e+04  -8.194165999999313499e+00
2.451417488799999774e+04  -8.554357000000891276e+00
2.451417488799999774e+04  -8.037358999999923981e+00
2.451417488799999774e+04  -5.525991999999860127e+00
2.451417488799999774e+04  -7.153298999999606167e+00
2.451417488799999774e+04  -2.585317000000031840e+00
2.451417488799999774e+04  -7.329300000001239823e+00
2.451417488799999774e+04  -7.408572000000276603e+00
2.451417488799999774e+04  -8.213489999998273561e+00
2.451417488799999774e+04  -6.902504000001499662e+00
2.451417488799999774e+04  -7.352952999997796724e+00
2.451417488799999774e+04  -3.102077000000008411e+00
2.451417488799999774e+04  -5.379834000000300875e+00
2.451417488799999774e+04  -8.524918000000980101e+00
2.451417488799999774e+04  -8.260478000000148313e+00
2.451417488799999774e+04  -5.049332000000504195e+00
2.451417488799999774e+04  -2.933172000000013213e+00
2.451417488799999774e+04  -8.454491999998936080e+00
2.451417488799999774e+04  -8.214877999998861924e+00
2.451417488799999774e+04  -8.214114000002155080e+00
2.468554369399999996e+04  -6.794718999999531661e+00
2.468554369399999996e+04  -4.966207000000395055e+00
2.468554369399999996e+04  -6.832606000001760549e+00
2.468554369399999996e+04  -6.640521000001172069e+00
2.468554369399999996e+04  -1.297727000000122644e+00
2.468554369399999996e+04  -3.828472999999576132e+00
2.468554369399999996e+04  -4.108482000000094558e+00
2.468554369399999996e+04  -5.628526999999849068e+00
2.468554369399999996e+04  -1.590986999999927320e+00
2.468554369399999996e+04  -6.641080999999758205e+00
2.468554369399999996e+04  -5.824604999999792199e+00
2.468554369399999996e+04  -6.898493000002417830e+00
2.468554369399999996e+04  -6.703112999999575550e+00
2.468554369399999996e+04  -6.482441000000108033e+00
2.468554369399999996e+04  -2.832217000000127882e+00
2.468554369399999996e+04  -6.297914999999193242e+00
2.474505178800000067e+04  -8.297638000000006286e+00
2.474505178800000067e+04  -2.367911000000049171e+00
2.474505178800000067e+04  -4.876256000000466884e+00
2.474505178800000067e+04  -6.798457000000780681e+00
2.474505178800000067e+04  -8.004666000000725035e+00
2.474505178800000067e+04  -8.485237999999299063e+00
2.474505178800000067e+04  -8.296726000000489876e+00
2.474505178800000067e+04  -7.459743999999773223e+00
2.474505178800000067e+04  -7.531506999999692198e+00
2.474505178800000067e+04  -8.321350999998685438e+00
2.474505178800000067e+04  -8.210605999998733751e+00
2.474505178800000067e+04  -7.420182000001659617e+00
2.474505178800000067e+04  -7.307597000000896514e+00
2.474505178800000067e+04  -7.129942000001392444e+00
2.474505178800000067e+04  -8.297593000002962071e+00
2.474505178800000067e+04  -8.578107999997882871e+00
2.474505178800000067e+04  -8.627587000002677087e+00
2.474505178800000067e+04  -5.323325999999724445e+00
2.474505178800000067e+04  -3.123638000000482862e+00
2.474505178800000067e+04  -2.871004000000084488e+00
2.474505178800000067e+04  -1.706009999999764659e-01
2.474505178800000067e+04  -5.558672999999544118e+00
2.486497692599999937e+04  -1.374062999999978274e+00
2.486497692599999937e+04  -5.437562999999499880e+00
2.486497692599999937e+04  -6.087725999999747728e+00
2.486497692599999937e+04  -3.694398999999975786e+00
2.486497692599999937e+04  -3.905149000000164961e+00
2.486497692599999937e+04  -4.656402999999954773e+00
2.486497692599999937e+04  -5.992558000001736218e+00
2.486497692599999937e+04  -5.908026999999492546e+00
2.486497692599999937e+04  -1.494167000000061307e+00
2.486497692599999937e+04  -5.733778000001620967e+00
2.486497692599999937e+04  -2.723791999999775726e+00
2.486497692599999937e+04  -5.210151999999652617e+00
2.486497692599999937e+04  -5.849751999998261454e+00
